Date,Symbol,Price,Available Supply,Unlocked Supply,Community building
Jul 06 2024,OKB,0,300000000.00,300000000.00,300000000.00
Jul 06 2024,OKB,0,300000000.00,300000000.00,300000000.00
Jul 05 2024,OKB,0,300000000.00,300000000.00,300000000.00
Jul 05 2024,OKB,0,300000000.00,300000000.00,300000000.00
Jul 04 2024,OKB,0,300000000.00,300000000.00,300000000.00
Jul 04 2024,OKB,0,300000000.00,300000000.00,300000000.00
Jul 04 2024,OKB,0,300000000.00,300000000.00,300000000.00
Jul 03 2024,OKB,0,300000000.00,300000000.00,300000000.00
Jul 03 2024,OKB,0,300000000.00,300000000.00,300000000.00
Jul 02 2024,OKB,0,300000000.00,300000000.00,300000000.00
Jul 02 2024,OKB,0,300000000.00,300000000.00,300000000.00
Jul 01 2024,OKB,0,300000000.00,300000000.00,300000000.00
Jul 01 2024,OKB,0,300000000.00,300000000.00,300000000.00
Jul 01 2024,OKB,0,300000000.00,300000000.00,300000000.00
Jun 30 2024,OKB,0,300000000.00,300000000.00,300000000.00
Jun 30 2024,OKB,0,300000000.00,300000000.00,300000000.00
Jun 29 2024,OKB,0,300000000.00,300000000.00,300000000.00
Jun 29 2024,OKB,0,300000000.00,300000000.00,300000000.00
Jun 29 2024,OKB,0,300000000.00,300000000.00,300000000.00
Jun 28 2024,OKB,0,300000000.00,300000000.00,300000000.00
Jun 28 2024,OKB,0,300000000.00,300000000.00,300000000.00
Jun 27 2024,OKB,0,300000000.00,300000000.00,300000000.00
Jun 27 2024,OKB,0,300000000.00,300000000.00,300000000.00
Jun 27 2024,OKB,0,300000000.00,300000000.00,300000000.00
Jun 26 2024,OKB,0,300000000.00,300000000.00,300000000.00
Jun 26 2024,OKB,0,300000000.00,300000000.00,300000000.00
Jun 25 2024,OKB,0,300000000.00,300000000.00,300000000.00
Jun 25 2024,OKB,0,300000000.00,300000000.00,300000000.00
Jun 24 2024,OKB,0,300000000.00,300000000.00,300000000.00
Jun 24 2024,OKB,0,300000000.00,300000000.00,300000000.00
Jun 24 2024,OKB,0,300000000.00,300000000.00,300000000.00
Jun 23 2024,OKB,0,300000000.00,300000000.00,300000000.00
Jun 23 2024,OKB,0,300000000.00,300000000.00,300000000.00
Jun 22 2024,OKB,0,300000000.00,300000000.00,300000000.00
Jun 22 2024,OKB,0,300000000.00,300000000.00,300000000.00
Jun 22 2024,OKB,0,300000000.00,300000000.00,300000000.00
Jun 21 2024,OKB,0,300000000.00,300000000.00,300000000.00
Jun 21 2024,OKB,0,300000000.00,300000000.00,300000000.00
Jun 20 2024,OKB,0,300000000.00,300000000.00,300000000.00
Jun 20 2024,OKB,0,300000000.00,300000000.00,300000000.00
Jun 20 2024,OKB,0,300000000.00,300000000.00,300000000.00
Jun 19 2024,OKB,0,300000000.00,300000000.00,300000000.00
Jun 19 2024,OKB,0,300000000.00,300000000.00,300000000.00
Jun 18 2024,OKB,0,300000000.00,300000000.00,300000000.00
Jun 18 2024,OKB,0,300000000.00,300000000.00,300000000.00
Jun 17 2024,OKB,0,300000000.00,300000000.00,300000000.00
Jun 17 2024,OKB,0,300000000.00,300000000.00,300000000.00
Jun 17 2024,OKB,0,300000000.00,300000000.00,300000000.00
Jun 16 2024,OKB,0,300000000.00,300000000.00,300000000.00
Jun 16 2024,OKB,0,300000000.00,300000000.00,300000000.00
Jun 15 2024,OKB,0,300000000.00,300000000.00,300000000.00
Jun 15 2024,OKB,0,300000000.00,300000000.00,300000000.00
Jun 15 2024,OKB,0,300000000.00,300000000.00,300000000.00
Jun 14 2024,OKB,0,300000000.00,300000000.00,300000000.00
Jun 14 2024,OKB,0,300000000.00,300000000.00,300000000.00
Jun 13 2024,OKB,0,300000000.00,300000000.00,300000000.00
Jun 13 2024,OKB,0,300000000.00,300000000.00,300000000.00
Jun 12 2024,OKB,0,300000000.00,300000000.00,300000000.00
Jun 12 2024,OKB,0,300000000.00,300000000.00,300000000.00
Jun 12 2024,OKB,0,300000000.00,300000000.00,300000000.00
Jun 11 2024,OKB,0,300000000.00,300000000.00,300000000.00
Jun 11 2024,OKB,0,300000000.00,300000000.00,300000000.00
Jun 10 2024,OKB,0,300000000.00,300000000.00,300000000.00
Jun 10 2024,OKB,0,300000000.00,300000000.00,300000000.00
Jun 10 2024,OKB,0,300000000.00,300000000.00,300000000.00
Jun 09 2024,OKB,0,300000000.00,300000000.00,300000000.00
Jun 09 2024,OKB,0,300000000.00,300000000.00,300000000.00
Jun 08 2024,OKB,0,300000000.00,300000000.00,300000000.00
Jun 08 2024,OKB,0,300000000.00,300000000.00,300000000.00
Jun 08 2024,OKB,0,300000000.00,300000000.00,300000000.00
Jun 07 2024,OKB,0,300000000.00,300000000.00,300000000.00
Jun 07 2024,OKB,0,300000000.00,300000000.00,300000000.00
Jun 06 2024,OKB,0,300000000.00,300000000.00,300000000.00
Jun 06 2024,OKB,0,300000000.00,300000000.00,300000000.00
Jun 05 2024,OKB,0,300000000.00,300000000.00,300000000.00
Jun 05 2024,OKB,0,300000000.00,300000000.00,300000000.00
Jun 05 2024,OKB,0,300000000.00,300000000.00,300000000.00
Jun 04 2024,OKB,0,300000000.00,300000000.00,300000000.00
Jun 04 2024,OKB,0,300000000.00,300000000.00,300000000.00
Jun 03 2024,OKB,0,300000000.00,300000000.00,300000000.00
Jun 03 2024,OKB,0,300000000.00,300000000.00,300000000.00
Jun 03 2024,OKB,0,300000000.00,300000000.00,300000000.00
Jun 02 2024,OKB,0,300000000.00,300000000.00,300000000.00
Jun 02 2024,OKB,0,300000000.00,300000000.00,300000000.00
Jun 01 2024,OKB,0,300000000.00,300000000.00,300000000.00
Jun 01 2024,OKB,0,300000000.00,300000000.00,300000000.00
Jun 01 2024,OKB,0,300000000.00,300000000.00,300000000.00
May 31 2024,OKB,0,300000000.00,300000000.00,300000000.00
May 31 2024,OKB,0,300000000.00,300000000.00,300000000.00
May 30 2024,OKB,0,300000000.00,300000000.00,300000000.00
May 30 2024,OKB,0,300000000.00,300000000.00,300000000.00
May 29 2024,OKB,0,300000000.00,300000000.00,300000000.00
May 29 2024,OKB,0,300000000.00,300000000.00,300000000.00
May 29 2024,OKB,0,300000000.00,300000000.00,300000000.00
May 28 2024,OKB,0,300000000.00,300000000.00,300000000.00
May 28 2024,OKB,0,300000000.00,300000000.00,300000000.00
May 27 2024,OKB,0,300000000.00,300000000.00,300000000.00
May 27 2024,OKB,0,300000000.00,300000000.00,300000000.00
May 27 2024,OKB,0,300000000.00,300000000.00,300000000.00
May 26 2024,OKB,0,300000000.00,300000000.00,300000000.00
May 26 2024,OKB,0,300000000.00,300000000.00,300000000.00
May 25 2024,OKB,0,300000000.00,300000000.00,300000000.00
May 25 2024,OKB,0,300000000.00,300000000.00,300000000.00
May 25 2024,OKB,0,300000000.00,300000000.00,300000000.00
May 24 2024,OKB,0,300000000.00,300000000.00,300000000.00
May 24 2024,OKB,0,300000000.00,300000000.00,300000000.00
May 23 2024,OKB,0,300000000.00,300000000.00,300000000.00
May 23 2024,OKB,0,300000000.00,300000000.00,300000000.00
May 22 2024,OKB,0,300000000.00,300000000.00,300000000.00
May 22 2024,OKB,0,300000000.00,300000000.00,300000000.00
May 22 2024,OKB,0,300000000.00,300000000.00,300000000.00
May 21 2024,OKB,0,300000000.00,300000000.00,300000000.00
May 21 2024,OKB,0,300000000.00,300000000.00,300000000.00
May 20 2024,OKB,0,300000000.00,300000000.00,300000000.00
May 20 2024,OKB,0,300000000.00,300000000.00,300000000.00
May 20 2024,OKB,0,300000000.00,300000000.00,300000000.00
May 19 2024,OKB,0,300000000.00,300000000.00,300000000.00
May 19 2024,OKB,0,300000000.00,300000000.00,300000000.00
May 18 2024,OKB,0,300000000.00,300000000.00,300000000.00
May 18 2024,OKB,0,300000000.00,300000000.00,300000000.00
May 18 2024,OKB,0,300000000.00,300000000.00,300000000.00
May 17 2024,OKB,0,300000000.00,300000000.00,300000000.00
May 17 2024,OKB,0,300000000.00,300000000.00,300000000.00
May 16 2024,OKB,0,300000000.00,300000000.00,300000000.00
May 16 2024,OKB,0,300000000.00,300000000.00,300000000.00
May 15 2024,OKB,0,300000000.00,300000000.00,300000000.00
May 15 2024,OKB,0,300000000.00,300000000.00,300000000.00
May 15 2024,OKB,0,300000000.00,300000000.00,300000000.00
May 14 2024,OKB,0,300000000.00,300000000.00,300000000.00
May 14 2024,OKB,0,300000000.00,300000000.00,300000000.00
May 13 2024,OKB,0,300000000.00,300000000.00,300000000.00
May 13 2024,OKB,0,300000000.00,300000000.00,300000000.00
May 13 2024,OKB,0,300000000.00,300000000.00,300000000.00
May 12 2024,OKB,0,300000000.00,300000000.00,300000000.00
May 12 2024,OKB,0,300000000.00,300000000.00,300000000.00
May 11 2024,OKB,0,300000000.00,300000000.00,300000000.00
May 11 2024,OKB,0,300000000.00,300000000.00,300000000.00
May 11 2024,OKB,0,300000000.00,300000000.00,300000000.00
May 10 2024,OKB,0,300000000.00,300000000.00,300000000.00
May 10 2024,OKB,0,300000000.00,300000000.00,300000000.00
May 09 2024,OKB,0,300000000.00,300000000.00,300000000.00
May 09 2024,OKB,0,300000000.00,300000000.00,300000000.00
May 08 2024,OKB,0,300000000.00,300000000.00,300000000.00
May 08 2024,OKB,0,300000000.00,300000000.00,300000000.00
May 08 2024,OKB,0,300000000.00,300000000.00,300000000.00
May 07 2024,OKB,0,300000000.00,300000000.00,300000000.00
May 07 2024,OKB,0,300000000.00,300000000.00,300000000.00
May 06 2024,OKB,0,300000000.00,300000000.00,300000000.00
May 06 2024,OKB,0,300000000.00,300000000.00,300000000.00
May 06 2024,OKB,0,300000000.00,300000000.00,300000000.00
May 05 2024,OKB,0,300000000.00,300000000.00,300000000.00
May 05 2024,OKB,0,300000000.00,300000000.00,300000000.00
May 04 2024,OKB,0,300000000.00,300000000.00,300000000.00
May 04 2024,OKB,0,300000000.00,300000000.00,300000000.00
May 04 2024,OKB,0,300000000.00,300000000.00,300000000.00
May 03 2024,OKB,0,300000000.00,300000000.00,300000000.00
May 03 2024,OKB,0,300000000.00,300000000.00,300000000.00
May 02 2024,OKB,0,300000000.00,300000000.00,300000000.00
May 02 2024,OKB,0,300000000.00,300000000.00,300000000.00
May 01 2024,OKB,0,300000000.00,300000000.00,300000000.00
May 01 2024,OKB,0,300000000.00,300000000.00,300000000.00
May 01 2024,OKB,0,300000000.00,300000000.00,300000000.00
Apr 30 2024,OKB,0,300000000.00,300000000.00,300000000.00
Apr 30 2024,OKB,0,300000000.00,300000000.00,300000000.00
Apr 29 2024,OKB,0,300000000.00,300000000.00,300000000.00
Apr 29 2024,OKB,0,300000000.00,300000000.00,300000000.00
Apr 29 2024,OKB,0,300000000.00,300000000.00,300000000.00
Apr 28 2024,OKB,0,300000000.00,300000000.00,300000000.00
Apr 28 2024,OKB,0,300000000.00,300000000.00,300000000.00
Apr 27 2024,OKB,0,300000000.00,300000000.00,300000000.00
Apr 27 2024,OKB,0,300000000.00,300000000.00,300000000.00
Apr 26 2024,OKB,0,300000000.00,300000000.00,300000000.00
Apr 26 2024,OKB,0,300000000.00,300000000.00,300000000.00
Apr 26 2024,OKB,0,300000000.00,300000000.00,300000000.00
Apr 25 2024,OKB,0,300000000.00,300000000.00,300000000.00
Apr 25 2024,OKB,0,300000000.00,300000000.00,300000000.00
Apr 24 2024,OKB,0,300000000.00,300000000.00,300000000.00
Apr 24 2024,OKB,0,300000000.00,300000000.00,300000000.00
Apr 24 2024,OKB,0,300000000.00,300000000.00,300000000.00
Apr 23 2024,OKB,0,300000000.00,300000000.00,300000000.00
Apr 23 2024,OKB,0,300000000.00,300000000.00,300000000.00
Apr 22 2024,OKB,0,300000000.00,300000000.00,300000000.00
Apr 22 2024,OKB,0,300000000.00,300000000.00,300000000.00
Apr 22 2024,OKB,0,300000000.00,300000000.00,300000000.00
Apr 21 2024,OKB,0,300000000.00,300000000.00,300000000.00
Apr 21 2024,OKB,0,300000000.00,300000000.00,300000000.00
Apr 20 2024,OKB,0,300000000.00,300000000.00,300000000.00
Apr 20 2024,OKB,0,300000000.00,300000000.00,300000000.00
Apr 19 2024,OKB,0,300000000.00,300000000.00,300000000.00
Apr 19 2024,OKB,0,300000000.00,300000000.00,300000000.00
Apr 19 2024,OKB,0,300000000.00,300000000.00,300000000.00
Apr 18 2024,OKB,0,300000000.00,300000000.00,300000000.00
Apr 18 2024,OKB,0,300000000.00,300000000.00,300000000.00
Apr 17 2024,OKB,0,300000000.00,300000000.00,300000000.00
Apr 17 2024,OKB,0,300000000.00,300000000.00,300000000.00
Apr 17 2024,OKB,0,300000000.00,300000000.00,300000000.00
Apr 16 2024,OKB,0,300000000.00,300000000.00,300000000.00
Apr 16 2024,OKB,0,300000000.00,300000000.00,300000000.00
Apr 15 2024,OKB,0,300000000.00,300000000.00,300000000.00
Apr 15 2024,OKB,0,300000000.00,300000000.00,300000000.00
Apr 15 2024,OKB,0,300000000.00,300000000.00,300000000.00
Apr 14 2024,OKB,0,300000000.00,300000000.00,300000000.00
Apr 14 2024,OKB,0,300000000.00,300000000.00,300000000.00
Apr 13 2024,OKB,0,300000000.00,300000000.00,300000000.00
Apr 13 2024,OKB,0,300000000.00,300000000.00,300000000.00
Apr 12 2024,OKB,0,300000000.00,300000000.00,300000000.00
Apr 12 2024,OKB,0,300000000.00,300000000.00,300000000.00
Apr 12 2024,OKB,0,300000000.00,300000000.00,300000000.00
Apr 11 2024,OKB,0,300000000.00,300000000.00,300000000.00
Apr 11 2024,OKB,0,300000000.00,300000000.00,300000000.00
Apr 10 2024,OKB,0,300000000.00,300000000.00,300000000.00
Apr 10 2024,OKB,0,300000000.00,300000000.00,300000000.00
Apr 10 2024,OKB,0,300000000.00,300000000.00,300000000.00
Apr 09 2024,OKB,0,300000000.00,300000000.00,300000000.00
Apr 09 2024,OKB,0,300000000.00,300000000.00,300000000.00
Apr 08 2024,OKB,0,300000000.00,300000000.00,300000000.00
Apr 08 2024,OKB,0,300000000.00,300000000.00,300000000.00
Apr 08 2024,OKB,0,300000000.00,300000000.00,300000000.00
Apr 07 2024,OKB,$58.64,0,300000000.00,300000000.00
Apr 07 2024,OKB,$58.64,0,300000000.00,300000000.00
Apr 06 2024,OKB,$56.22,0,300000000.00,300000000.00
Apr 06 2024,OKB,$56.22,0,300000000.00,300000000.00
Apr 05 2024,OKB,$56.00,0,300000000.00,300000000.00
Apr 05 2024,OKB,$56.00,0,300000000.00,300000000.00
Apr 05 2024,OKB,$56.00,0,300000000.00,300000000.00
Apr 04 2024,OKB,$56.04,0,300000000.00,300000000.00
Apr 04 2024,OKB,$56.04,0,300000000.00,300000000.00
Apr 03 2024,OKB,$57.48,0,300000000.00,300000000.00
Apr 03 2024,OKB,$57.48,0,300000000.00,300000000.00
Apr 03 2024,OKB,$57.48,0,300000000.00,300000000.00
Apr 02 2024,OKB,$61.61,0,300000000.00,300000000.00
Apr 02 2024,OKB,$61.61,0,300000000.00,300000000.00
Apr 01 2024,OKB,$63.28,0,300000000.00,300000000.00
Apr 01 2024,OKB,$63.28,0,300000000.00,300000000.00
Apr 01 2024,OKB,$63.28,0,300000000.00,300000000.00
Mar 31 2024,OKB,$63.15,0,300000000.00,300000000.00
Mar 31 2024,OKB,$63.15,0,300000000.00,300000000.00
Mar 30 2024,OKB,$63.54,0,300000000.00,300000000.00
Mar 30 2024,OKB,$63.54,0,300000000.00,300000000.00
Mar 29 2024,OKB,$63.78,0,300000000.00,300000000.00
Mar 29 2024,OKB,$63.78,0,300000000.00,300000000.00
Mar 29 2024,OKB,$63.78,0,300000000.00,300000000.00
Mar 28 2024,OKB,$64.80,0,300000000.00,300000000.00
Mar 28 2024,OKB,$64.80,0,300000000.00,300000000.00
Mar 27 2024,OKB,$66.87,0,300000000.00,300000000.00
Mar 27 2024,OKB,$66.87,0,300000000.00,300000000.00
Mar 27 2024,OKB,$66.87,0,300000000.00,300000000.00
Mar 26 2024,OKB,$65.37,0,300000000.00,300000000.00
Mar 26 2024,OKB,$65.37,0,300000000.00,300000000.00
Mar 25 2024,OKB,$63.19,0,300000000.00,300000000.00
Mar 25 2024,OKB,$63.19,0,300000000.00,300000000.00
Mar 25 2024,OKB,$63.19,0,300000000.00,300000000.00
Mar 24 2024,OKB,$61.15,0,300000000.00,300000000.00
Mar 24 2024,OKB,$61.15,0,300000000.00,300000000.00
Mar 23 2024,OKB,$57.89,0,300000000.00,300000000.00
Mar 23 2024,OKB,$57.89,0,300000000.00,300000000.00
Mar 22 2024,OKB,$59.46,0,300000000.00,300000000.00
Mar 22 2024,OKB,$59.46,0,300000000.00,300000000.00
Mar 22 2024,OKB,$59.46,0,300000000.00,300000000.00
Mar 21 2024,OKB,$60.22,0,300000000.00,300000000.00
Mar 21 2024,OKB,$60.22,0,300000000.00,300000000.00
Mar 20 2024,OKB,$56.40,0,300000000.00,300000000.00
Mar 20 2024,OKB,$56.40,0,300000000.00,300000000.00
Mar 20 2024,OKB,$56.40,0,300000000.00,300000000.00
Mar 19 2024,OKB,$64.06,0,300000000.00,300000000.00
Mar 19 2024,OKB,$64.06,0,300000000.00,300000000.00
Mar 18 2024,OKB,$64.76,0,300000000.00,300000000.00
Mar 18 2024,OKB,$64.76,0,300000000.00,300000000.00
Mar 18 2024,OKB,$64.76,0,300000000.00,300000000.00
Mar 17 2024,OKB,$65.07,0,300000000.00,300000000.00
Mar 17 2024,OKB,$65.07,0,300000000.00,300000000.00
Mar 16 2024,OKB,$64.99,0,300000000.00,300000000.00
Mar 16 2024,OKB,$64.99,0,300000000.00,300000000.00
Mar 15 2024,OKB,$69.82,0,300000000.00,300000000.00
Mar 15 2024,OKB,$69.82,0,300000000.00,300000000.00
Mar 15 2024,OKB,$69.82,0,300000000.00,300000000.00
Mar 14 2024,OKB,$72.60,0,300000000.00,300000000.00
Mar 14 2024,OKB,$72.60,0,300000000.00,300000000.00
Mar 13 2024,OKB,$65.53,0,300000000.00,300000000.00
Mar 13 2024,OKB,$65.53,0,300000000.00,300000000.00
Mar 13 2024,OKB,$65.53,0,300000000.00,300000000.00
Mar 12 2024,OKB,$68.03,0,300000000.00,300000000.00
Mar 12 2024,OKB,$68.03,0,300000000.00,300000000.00
Mar 11 2024,OKB,$66.52,0,300000000.00,300000000.00
Mar 11 2024,OKB,$66.52,0,300000000.00,300000000.00
Mar 10 2024,OKB,$61.18,0,300000000.00,300000000.00
Mar 10 2024,OKB,$61.18,0,300000000.00,300000000.00
Mar 10 2024,OKB,$61.18,0,300000000.00,300000000.00
Mar 09 2024,OKB,$59.57,0,300000000.00,300000000.00
Mar 09 2024,OKB,$59.57,0,300000000.00,300000000.00
Mar 08 2024,OKB,$57.92,0,300000000.00,300000000.00
Mar 08 2024,OKB,$57.92,0,300000000.00,300000000.00
Mar 08 2024,OKB,$57.92,0,300000000.00,300000000.00
Mar 07 2024,OKB,$55.63,0,300000000.00,300000000.00
Mar 07 2024,OKB,$55.63,0,300000000.00,300000000.00
Mar 06 2024,OKB,$53.42,0,300000000.00,300000000.00
Mar 06 2024,OKB,$53.42,0,300000000.00,300000000.00
Mar 06 2024,OKB,$53.42,0,300000000.00,300000000.00
Mar 05 2024,OKB,$56.88,0,300000000.00,300000000.00
Mar 05 2024,OKB,$56.88,0,300000000.00,300000000.00
Mar 04 2024,OKB,$58.37,0,300000000.00,300000000.00
Mar 04 2024,OKB,$58.37,0,300000000.00,300000000.00
Mar 03 2024,OKB,$53.99,0,300000000.00,300000000.00
Mar 03 2024,OKB,$53.99,0,300000000.00,300000000.00
Mar 03 2024,OKB,$53.99,0,300000000.00,300000000.00
Mar 02 2024,OKB,$51.39,0,300000000.00,300000000.00
Mar 02 2024,OKB,$51.39,0,300000000.00,300000000.00
Mar 01 2024,OKB,$51.76,0,300000000.00,300000000.00
Mar 01 2024,OKB,$51.76,0,300000000.00,300000000.00
Mar 01 2024,OKB,$51.76,0,300000000.00,300000000.00
Feb 29 2024,OKB,$52.43,0,300000000.00,300000000.00
Feb 29 2024,OKB,$52.43,0,300000000.00,300000000.00
Feb 28 2024,OKB,$51.60,0,300000000.00,300000000.00
Feb 28 2024,OKB,$51.60,0,300000000.00,300000000.00
Feb 28 2024,OKB,$51.60,0,300000000.00,300000000.00
Feb 27 2024,OKB,$51.66,0,300000000.00,300000000.00
Feb 27 2024,OKB,$51.66,0,300000000.00,300000000.00
Feb 26 2024,OKB,$50.09,0,300000000.00,300000000.00
Feb 26 2024,OKB,$50.09,0,300000000.00,300000000.00
Feb 25 2024,OKB,$51.40,0,300000000.00,300000000.00
Feb 25 2024,OKB,$51.40,0,300000000.00,300000000.00
Feb 25 2024,OKB,$51.40,0,300000000.00,300000000.00
Feb 24 2024,OKB,$50.74,0,300000000.00,300000000.00
Feb 24 2024,OKB,$50.74,0,300000000.00,300000000.00
Feb 23 2024,OKB,$50.95,0,300000000.00,300000000.00
Feb 23 2024,OKB,$50.95,0,300000000.00,300000000.00
Feb 23 2024,OKB,$50.95,0,300000000.00,300000000.00
Feb 22 2024,OKB,$51.21,0,300000000.00,300000000.00
Feb 22 2024,OKB,$51.21,0,300000000.00,300000000.00
Feb 21 2024,OKB,$50.98,0,300000000.00,300000000.00
Feb 21 2024,OKB,$50.98,0,300000000.00,300000000.00
Feb 21 2024,OKB,$50.98,0,300000000.00,300000000.00
Feb 20 2024,OKB,$53.18,0,300000000.00,300000000.00
Feb 20 2024,OKB,$53.18,0,300000000.00,300000000.00
Feb 19 2024,OKB,$52.78,0,300000000.00,300000000.00
Feb 19 2024,OKB,$52.78,0,300000000.00,300000000.00
Feb 18 2024,OKB,$51.72,0,300000000.00,300000000.00
Feb 18 2024,OKB,$51.72,0,300000000.00,300000000.00
Feb 18 2024,OKB,$51.72,0,300000000.00,300000000.00
Feb 17 2024,OKB,$51.69,0,300000000.00,300000000.00
Feb 17 2024,OKB,$51.69,0,300000000.00,300000000.00
Feb 16 2024,OKB,$50.68,0,300000000.00,300000000.00
Feb 16 2024,OKB,$50.68,0,300000000.00,300000000.00
Feb 16 2024,OKB,$50.68,0,300000000.00,300000000.00
Feb 15 2024,OKB,$50.03,0,300000000.00,300000000.00
Feb 15 2024,OKB,$50.03,0,300000000.00,300000000.00
Feb 14 2024,OKB,$49.48,0,300000000.00,300000000.00
Feb 14 2024,OKB,$49.48,0,300000000.00,300000000.00
Feb 14 2024,OKB,$49.48,0,300000000.00,300000000.00
Feb 13 2024,OKB,$49.80,0,300000000.00,300000000.00
Feb 13 2024,OKB,$49.80,0,300000000.00,300000000.00
Feb 12 2024,OKB,$49.57,0,300000000.00,300000000.00
Feb 12 2024,OKB,$49.57,0,300000000.00,300000000.00
Feb 11 2024,OKB,$49.88,0,300000000.00,300000000.00
Feb 11 2024,OKB,$49.88,0,300000000.00,300000000.00
Feb 11 2024,OKB,$49.88,0,300000000.00,300000000.00
Feb 10 2024,OKB,$49.40,0,300000000.00,300000000.00
Feb 10 2024,OKB,$49.40,0,300000000.00,300000000.00
Feb 09 2024,OKB,$49.55,0,300000000.00,300000000.00
Feb 09 2024,OKB,$49.55,0,300000000.00,300000000.00
Feb 09 2024,OKB,$49.55,0,300000000.00,300000000.00
Feb 08 2024,OKB,$48.19,0,300000000.00,300000000.00
Feb 08 2024,OKB,$48.19,0,300000000.00,300000000.00
Feb 07 2024,OKB,$48.26,0,300000000.00,300000000.00
Feb 07 2024,OKB,$48.26,0,300000000.00,300000000.00
Feb 07 2024,OKB,$48.26,0,300000000.00,300000000.00
Feb 06 2024,OKB,$48.26,0,300000000.00,300000000.00
Feb 06 2024,OKB,$48.26,0,300000000.00,300000000.00
Feb 05 2024,OKB,$48.42,0,300000000.00,300000000.00
Feb 05 2024,OKB,$48.42,0,300000000.00,300000000.00
Feb 04 2024,OKB,$48.85,0,300000000.00,300000000.00
Feb 04 2024,OKB,$48.85,0,300000000.00,300000000.00
Feb 04 2024,OKB,$48.85,0,300000000.00,300000000.00
Feb 03 2024,OKB,$48.46,0,300000000.00,300000000.00
Feb 03 2024,OKB,$48.46,0,300000000.00,300000000.00
Feb 02 2024,OKB,$49.10,0,300000000.00,300000000.00
Feb 02 2024,OKB,$49.10,0,300000000.00,300000000.00
Feb 02 2024,OKB,$49.10,0,300000000.00,300000000.00
Feb 01 2024,OKB,$50.56,0,300000000.00,300000000.00
Feb 01 2024,OKB,$50.56,0,300000000.00,300000000.00
Jan 31 2024,OKB,$53.24,0,300000000.00,300000000.00
Jan 31 2024,OKB,$53.24,0,300000000.00,300000000.00
Jan 31 2024,OKB,$53.24,0,300000000.00,300000000.00
Jan 30 2024,OKB,$52.29,0,300000000.00,300000000.00
Jan 30 2024,OKB,$52.29,0,300000000.00,300000000.00
Jan 29 2024,OKB,$52.17,0,300000000.00,300000000.00
Jan 29 2024,OKB,$52.17,0,300000000.00,300000000.00
Jan 28 2024,OKB,$53.34,0,300000000.00,300000000.00
Jan 28 2024,OKB,$53.34,0,300000000.00,300000000.00
Jan 28 2024,OKB,$53.34,0,300000000.00,300000000.00
Jan 27 2024,OKB,$54.56,0,300000000.00,300000000.00
Jan 27 2024,OKB,$54.56,0,300000000.00,300000000.00
Jan 26 2024,OKB,$50.33,0,300000000.00,300000000.00
Jan 26 2024,OKB,$50.33,0,300000000.00,300000000.00
Jan 26 2024,OKB,$50.33,0,300000000.00,300000000.00
Jan 25 2024,OKB,$47.55,0,300000000.00,300000000.00
Jan 25 2024,OKB,$47.55,0,300000000.00,300000000.00
Jan 24 2024,OKB,$46.56,0,300000000.00,300000000.00
Jan 24 2024,OKB,$46.56,0,300000000.00,300000000.00
Jan 23 2024,OKB,$52.58,0,300000000.00,300000000.00
Jan 23 2024,OKB,$52.58,0,300000000.00,300000000.00
Jan 23 2024,OKB,$52.58,0,300000000.00,300000000.00
Jan 22 2024,OKB,$53.94,0,300000000.00,300000000.00
Jan 22 2024,OKB,$53.94,0,300000000.00,300000000.00
Jan 21 2024,OKB,$53.71,0,300000000.00,300000000.00
Jan 21 2024,OKB,$53.71,0,300000000.00,300000000.00
Jan 21 2024,OKB,$53.71,0,300000000.00,300000000.00
Jan 20 2024,OKB,$53.41,0,300000000.00,300000000.00
Jan 20 2024,OKB,$53.41,0,300000000.00,300000000.00
Jan 19 2024,OKB,$53.98,0,300000000.00,300000000.00
Jan 19 2024,OKB,$53.98,0,300000000.00,300000000.00
Jan 19 2024,OKB,$53.98,0,300000000.00,300000000.00
Jan 18 2024,OKB,$54.82,0,300000000.00,300000000.00
Jan 18 2024,OKB,$54.82,0,300000000.00,300000000.00
Jan 17 2024,OKB,$54.66,0,300000000.00,300000000.00
Jan 17 2024,OKB,$54.66,0,300000000.00,300000000.00
Jan 16 2024,OKB,$53.72,0,300000000.00,300000000.00
Jan 16 2024,OKB,$53.72,0,300000000.00,300000000.00
Jan 16 2024,OKB,$53.72,0,300000000.00,300000000.00
Jan 15 2024,OKB,$53.45,0,300000000.00,300000000.00
Jan 15 2024,OKB,$53.45,0,300000000.00,300000000.00
Jan 14 2024,OKB,$53.81,0,300000000.00,300000000.00
Jan 14 2024,OKB,$53.81,0,300000000.00,300000000.00
Jan 14 2024,OKB,$53.81,0,300000000.00,300000000.00
Jan 14 2024,OKB,$53.81,0,300000000.00,300000000.00
Jan 13 2024,OKB,$53.00,0,300000000.00,300000000.00
Jan 13 2024,OKB,$53.00,0,300000000.00,300000000.00
Jan 12 2024,OKB,$54.23,0,300000000.00,300000000.00
Jan 12 2024,OKB,$54.23,0,300000000.00,300000000.00
Jan 12 2024,OKB,$54.23,0,300000000.00,300000000.00
Jan 11 2024,OKB,$54.52,0,300000000.00,300000000.00
Jan 11 2024,OKB,$54.52,0,300000000.00,300000000.00
Jan 10 2024,OKB,$53.76,0,300000000.00,300000000.00
Jan 10 2024,OKB,$53.76,0,300000000.00,300000000.00
Jan 09 2024,OKB,$54.94,0,300000000.00,300000000.00
Jan 09 2024,OKB,$54.94,0,300000000.00,300000000.00
Jan 09 2024,OKB,$54.94,0,300000000.00,300000000.00
Jan 08 2024,OKB,$53.87,0,300000000.00,300000000.00
Jan 08 2024,OKB,$53.87,0,300000000.00,300000000.00
Jan 07 2024,OKB,$54.54,0,300000000.00,300000000.00
Jan 07 2024,OKB,$54.54,0,300000000.00,300000000.00
Jan 07 2024,OKB,$54.54,0,300000000.00,300000000.00
Jan 06 2024,OKB,$55.43,0,300000000.00,300000000.00
Jan 06 2024,OKB,$55.43,0,300000000.00,300000000.00
Jan 05 2024,OKB,$54.82,0,300000000.00,300000000.00
Jan 05 2024,OKB,$54.82,0,300000000.00,300000000.00
Jan 05 2024,OKB,$54.82,0,300000000.00,300000000.00
Jan 04 2024,OKB,$53.98,0,300000000.00,300000000.00
Jan 04 2024,OKB,$53.98,0,300000000.00,300000000.00
Jan 03 2024,OKB,$55.62,0,300000000.00,300000000.00
Jan 03 2024,OKB,$55.62,0,300000000.00,300000000.00
Jan 02 2024,OKB,$55.44,0,300000000.00,300000000.00
Jan 02 2024,OKB,$55.44,0,300000000.00,300000000.00
Jan 02 2024,OKB,$55.44,0,300000000.00,300000000.00
Jan 01 2024,OKB,$54.67,0,300000000.00,300000000.00
Jan 01 2024,OKB,$54.67,0,300000000.00,300000000.00
Dec 31 2023,OKB,$54.76,0,300000000.00,300000000.00
Dec 31 2023,OKB,$54.76,0,300000000.00,300000000.00
Dec 31 2023,OKB,$54.76,0,300000000.00,300000000.00
Dec 30 2023,OKB,$54.58,0,300000000.00,300000000.00
Dec 30 2023,OKB,$54.58,0,300000000.00,300000000.00
Dec 29 2023,OKB,$55.52,0,300000000.00,300000000.00
Dec 29 2023,OKB,$55.52,0,300000000.00,300000000.00
Dec 29 2023,OKB,$55.52,0,300000000.00,300000000.00
Dec 28 2023,OKB,$55.32,0,300000000.00,300000000.00
Dec 28 2023,OKB,$55.32,0,300000000.00,300000000.00
Dec 27 2023,OKB,$54.38,0,300000000.00,300000000.00
Dec 27 2023,OKB,$54.38,0,300000000.00,300000000.00
Dec 26 2023,OKB,$54.46,0,300000000.00,300000000.00
Dec 26 2023,OKB,$54.46,0,300000000.00,300000000.00
Dec 26 2023,OKB,$54.46,0,300000000.00,300000000.00
Dec 25 2023,OKB,$54.69,0,300000000.00,300000000.00
Dec 25 2023,OKB,$54.69,0,300000000.00,300000000.00
Dec 24 2023,OKB,$55.47,0,300000000.00,300000000.00
Dec 24 2023,OKB,$55.47,0,300000000.00,300000000.00
Dec 24 2023,OKB,$55.47,0,300000000.00,300000000.00
Dec 23 2023,OKB,$55.20,0,300000000.00,300000000.00
Dec 23 2023,OKB,$55.20,0,300000000.00,300000000.00
Dec 22 2023,OKB,$55.26,0,300000000.00,300000000.00
Dec 22 2023,OKB,$55.26,0,300000000.00,300000000.00
Dec 22 2023,OKB,$55.26,0,300000000.00,300000000.00
Dec 21 2023,OKB,$55.56,0,300000000.00,300000000.00
Dec 21 2023,OKB,$55.56,0,300000000.00,300000000.00
Dec 20 2023,OKB,$54.80,0,300000000.00,300000000.00
Dec 20 2023,OKB,$54.80,0,300000000.00,300000000.00
Dec 19 2023,OKB,$54.72,0,300000000.00,300000000.00
Dec 19 2023,OKB,$54.72,0,300000000.00,300000000.00
Dec 19 2023,OKB,$54.72,0,300000000.00,300000000.00
Dec 18 2023,OKB,$56.26,0,300000000.00,300000000.00
Dec 18 2023,OKB,$56.26,0,300000000.00,300000000.00
Dec 17 2023,OKB,$58.07,0,300000000.00,300000000.00
Dec 17 2023,OKB,$58.07,0,300000000.00,300000000.00
Dec 17 2023,OKB,$58.07,0,300000000.00,300000000.00
Dec 16 2023,OKB,$57.80,0,300000000.00,300000000.00
Dec 16 2023,OKB,$57.80,0,300000000.00,300000000.00
Dec 15 2023,OKB,$59.39,0,300000000.00,300000000.00
Dec 15 2023,OKB,$59.39,0,300000000.00,300000000.00
Dec 15 2023,OKB,$59.39,0,300000000.00,300000000.00
Dec 14 2023,OKB,$59.54,0,300000000.00,300000000.00
Dec 14 2023,OKB,$59.54,0,300000000.00,300000000.00
Dec 13 2023,OKB,$58.83,0,300000000.00,300000000.00
Dec 13 2023,OKB,$58.83,0,300000000.00,300000000.00
Dec 12 2023,OKB,$58.35,0,300000000.00,300000000.00
Dec 12 2023,OKB,$58.35,0,300000000.00,300000000.00
Dec 12 2023,OKB,$58.35,0,300000000.00,300000000.00
Dec 11 2023,OKB,$60.25,0,300000000.00,300000000.00
Dec 11 2023,OKB,$60.25,0,300000000.00,300000000.00
Dec 10 2023,OKB,$57.27,0,300000000.00,300000000.00
Dec 10 2023,OKB,$57.27,0,300000000.00,300000000.00
Dec 10 2023,OKB,$57.27,0,300000000.00,300000000.00
Dec 09 2023,OKB,$57.34,0,300000000.00,300000000.00
Dec 09 2023,OKB,$57.34,0,300000000.00,300000000.00
Dec 08 2023,OKB,$56.74,0,300000000.00,300000000.00
Dec 08 2023,OKB,$56.74,0,300000000.00,300000000.00
Dec 07 2023,OKB,$56.77,0,300000000.00,300000000.00
Dec 07 2023,OKB,$56.77,0,300000000.00,300000000.00
Dec 07 2023,OKB,$56.77,0,300000000.00,300000000.00
Dec 06 2023,OKB,$58.01,0,300000000.00,300000000.00
Dec 06 2023,OKB,$58.01,0,300000000.00,300000000.00
Dec 05 2023,OKB,$59.08,0,300000000.00,300000000.00
Dec 05 2023,OKB,$59.08,0,300000000.00,300000000.00
Dec 05 2023,OKB,$59.08,0,300000000.00,300000000.00
Dec 04 2023,OKB,$58.44,0,300000000.00,300000000.00
Dec 04 2023,OKB,$58.44,0,300000000.00,300000000.00
Dec 03 2023,OKB,$58.25,0,300000000.00,300000000.00
Dec 03 2023,OKB,$58.25,0,300000000.00,300000000.00
Dec 03 2023,OKB,$58.25,0,300000000.00,300000000.00
Dec 02 2023,OKB,$57.97,0,300000000.00,300000000.00
Dec 02 2023,OKB,$57.97,0,300000000.00,300000000.00
Dec 01 2023,OKB,$56.43,0,300000000.00,300000000.00
Dec 01 2023,OKB,$56.43,0,300000000.00,300000000.00
Nov 30 2023,OKB,$55.60,0,300000000.00,300000000.00
Nov 30 2023,OKB,$55.60,0,300000000.00,300000000.00
Nov 30 2023,OKB,$55.60,0,300000000.00,300000000.00
Nov 29 2023,OKB,$56.57,0,300000000.00,300000000.00
Nov 29 2023,OKB,$56.57,0,300000000.00,300000000.00
Nov 28 2023,OKB,$55.73,0,300000000.00,300000000.00
Nov 28 2023,OKB,$55.73,0,300000000.00,300000000.00
Nov 28 2023,OKB,$55.73,0,300000000.00,300000000.00
Nov 27 2023,OKB,$57.97,0,300000000.00,300000000.00
Nov 27 2023,OKB,$57.97,0,300000000.00,300000000.00
Nov 26 2023,OKB,$58.33,0,300000000.00,300000000.00
Nov 26 2023,OKB,$58.33,0,300000000.00,300000000.00
Nov 26 2023,OKB,$58.33,0,300000000.00,300000000.00
Nov 25 2023,OKB,$58.26,0,300000000.00,300000000.00
Nov 25 2023,OKB,$58.26,0,300000000.00,300000000.00
Nov 24 2023,OKB,$57.97,0,300000000.00,300000000.00
Nov 24 2023,OKB,$57.97,0,300000000.00,300000000.00
Nov 23 2023,OKB,$57.71,0,300000000.00,300000000.00
Nov 23 2023,OKB,$57.71,0,300000000.00,300000000.00
Nov 23 2023,OKB,$57.71,0,300000000.00,300000000.00
Nov 22 2023,OKB,$56.92,0,300000000.00,300000000.00
Nov 22 2023,OKB,$56.92,0,300000000.00,300000000.00
Nov 21 2023,OKB,$57.31,0,300000000.00,300000000.00
Nov 21 2023,OKB,$57.31,0,300000000.00,300000000.00
Nov 21 2023,OKB,$57.31,0,300000000.00,300000000.00
Nov 20 2023,OKB,$57.68,0,300000000.00,300000000.00
Nov 20 2023,OKB,$57.68,0,300000000.00,300000000.00
Nov 19 2023,OKB,$56.73,0,300000000.00,300000000.00
Nov 19 2023,OKB,$56.73,0,300000000.00,300000000.00
Nov 19 2023,OKB,$56.73,0,300000000.00,300000000.00
Nov 18 2023,OKB,$55.90,0,300000000.00,300000000.00
Nov 18 2023,OKB,$55.90,0,300000000.00,300000000.00
Nov 17 2023,OKB,$57.12,0,300000000.00,300000000.00
Nov 17 2023,OKB,$57.12,0,300000000.00,300000000.00
Nov 16 2023,OKB,$59.84,0,300000000.00,300000000.00
Nov 16 2023,OKB,$59.84,0,300000000.00,300000000.00
Nov 16 2023,OKB,$59.84,0,300000000.00,300000000.00
Nov 15 2023,OKB,$60.19,0,300000000.00,300000000.00
Nov 15 2023,OKB,$60.19,0,300000000.00,300000000.00
Nov 14 2023,OKB,$58.96,0,300000000.00,300000000.00
Nov 14 2023,OKB,$58.96,0,300000000.00,300000000.00
Nov 14 2023,OKB,$58.96,0,300000000.00,300000000.00
Nov 13 2023,OKB,$59.92,0,300000000.00,300000000.00
Nov 13 2023,OKB,$59.92,0,300000000.00,300000000.00
Nov 12 2023,OKB,$61.23,0,300000000.00,300000000.00
Nov 12 2023,OKB,$61.23,0,300000000.00,300000000.00
Nov 12 2023,OKB,$61.23,0,300000000.00,300000000.00
Nov 11 2023,OKB,$62.41,0,300000000.00,300000000.00
Nov 11 2023,OKB,$62.41,0,300000000.00,300000000.00
Nov 10 2023,OKB,$60.45,0,300000000.00,300000000.00
Nov 10 2023,OKB,$60.45,0,300000000.00,300000000.00
Nov 09 2023,OKB,$56.66,0,300000000.00,300000000.00
Nov 09 2023,OKB,$56.66,0,300000000.00,300000000.00
Nov 09 2023,OKB,$56.66,0,300000000.00,300000000.00
Nov 08 2023,OKB,$52.34,0,300000000.00,300000000.00
Nov 08 2023,OKB,$52.34,0,300000000.00,300000000.00
Nov 07 2023,OKB,$52.86,0,300000000.00,300000000.00
Nov 07 2023,OKB,$52.86,0,300000000.00,300000000.00
Nov 07 2023,OKB,$52.86,0,300000000.00,300000000.00
Nov 06 2023,OKB,$52.50,0,300000000.00,300000000.00
Nov 06 2023,OKB,$52.50,0,300000000.00,300000000.00
Nov 05 2023,OKB,$46.35,0,300000000.00,300000000.00
Nov 05 2023,OKB,$46.35,0,300000000.00,300000000.00
Nov 05 2023,OKB,$46.35,0,300000000.00,300000000.00
Nov 04 2023,OKB,$45.87,0,300000000.00,300000000.00
Nov 04 2023,OKB,$45.87,0,300000000.00,300000000.00
Nov 03 2023,OKB,$45.40,0,300000000.00,300000000.00
Nov 03 2023,OKB,$45.40,0,300000000.00,300000000.00
Nov 02 2023,OKB,$46.11,0,300000000.00,300000000.00
Nov 02 2023,OKB,$46.11,0,300000000.00,300000000.00
Nov 02 2023,OKB,$46.11,0,300000000.00,300000000.00
Nov 01 2023,OKB,$45.07,0,300000000.00,300000000.00
Nov 01 2023,OKB,$45.07,0,300000000.00,300000000.00
Oct 31 2023,OKB,$45.30,0,300000000.00,300000000.00
Oct 31 2023,OKB,$45.30,0,300000000.00,300000000.00
Oct 31 2023,OKB,$45.30,0,300000000.00,300000000.00
Oct 30 2023,OKB,$45.12,0,300000000.00,300000000.00
Oct 30 2023,OKB,$45.12,0,300000000.00,300000000.00
Oct 29 2023,OKB,$44.96,0,300000000.00,300000000.00
Oct 29 2023,OKB,$44.96,0,300000000.00,300000000.00
Oct 29 2023,OKB,$44.96,0,300000000.00,300000000.00
Oct 28 2023,OKB,$44.72,0,300000000.00,300000000.00
Oct 28 2023,OKB,$44.72,0,300000000.00,300000000.00
Oct 27 2023,OKB,$45.27,0,300000000.00,300000000.00
Oct 27 2023,OKB,$45.27,0,300000000.00,300000000.00
Oct 26 2023,OKB,$45.69,0,300000000.00,300000000.00
Oct 26 2023,OKB,$45.69,0,300000000.00,300000000.00
Oct 26 2023,OKB,$45.69,0,300000000.00,300000000.00
Oct 25 2023,OKB,$46.53,0,300000000.00,300000000.00
Oct 25 2023,OKB,$46.53,0,300000000.00,300000000.00
Oct 24 2023,OKB,$45.58,0,300000000.00,300000000.00
Oct 24 2023,OKB,$45.58,0,300000000.00,300000000.00
Oct 24 2023,OKB,$45.58,0,300000000.00,300000000.00
Oct 23 2023,OKB,$43.87,0,300000000.00,300000000.00
Oct 23 2023,OKB,$43.87,0,300000000.00,300000000.00
Oct 22 2023,OKB,$43.72,0,300000000.00,300000000.00
Oct 22 2023,OKB,$43.72,0,300000000.00,300000000.00
Oct 21 2023,OKB,$43.68,0,300000000.00,300000000.00
Oct 21 2023,OKB,$43.68,0,300000000.00,300000000.00
Oct 21 2023,OKB,$43.68,0,300000000.00,300000000.00
Oct 20 2023,OKB,$44.29,0,300000000.00,300000000.00
Oct 20 2023,OKB,$44.29,0,300000000.00,300000000.00
Oct 19 2023,OKB,$44.49,0,300000000.00,300000000.00
Oct 19 2023,OKB,$44.49,0,300000000.00,300000000.00
Oct 19 2023,OKB,$44.49,0,300000000.00,300000000.00
Oct 18 2023,OKB,$46.04,0,300000000.00,300000000.00
Oct 18 2023,OKB,$46.04,0,300000000.00,300000000.00
Oct 17 2023,OKB,$44.10,0,300000000.00,300000000.00
Oct 17 2023,OKB,$44.10,0,300000000.00,300000000.00
Oct 17 2023,OKB,$44.10,0,300000000.00,300000000.00
Oct 16 2023,OKB,$43.22,0,300000000.00,300000000.00
Oct 16 2023,OKB,$43.22,0,300000000.00,300000000.00
Oct 15 2023,OKB,$43.48,0,300000000.00,300000000.00
Oct 15 2023,OKB,$43.48,0,300000000.00,300000000.00
Oct 14 2023,OKB,$43.27,0,300000000.00,300000000.00
Oct 14 2023,OKB,$43.27,0,300000000.00,300000000.00
Oct 14 2023,OKB,$43.27,0,300000000.00,300000000.00
Oct 13 2023,OKB,$42.44,0,300000000.00,300000000.00
Oct 13 2023,OKB,$42.44,0,300000000.00,300000000.00
Oct 12 2023,OKB,$42.58,0,300000000.00,300000000.00
Oct 12 2023,OKB,$42.58,0,300000000.00,300000000.00
Oct 12 2023,OKB,$42.58,0,300000000.00,300000000.00
Oct 11 2023,OKB,$43.15,0,300000000.00,300000000.00
Oct 11 2023,OKB,$43.15,0,300000000.00,300000000.00
Oct 10 2023,OKB,$42.47,0,300000000.00,300000000.00
Oct 10 2023,OKB,$42.47,0,300000000.00,300000000.00
Oct 10 2023,OKB,$42.47,0,300000000.00,300000000.00
Oct 09 2023,OKB,$42.87,0,300000000.00,300000000.00
Oct 09 2023,OKB,$42.87,0,300000000.00,300000000.00
Oct 08 2023,OKB,$42.93,0,300000000.00,300000000.00
Oct 08 2023,OKB,$42.93,0,300000000.00,300000000.00
Oct 07 2023,OKB,$42.86,0,300000000.00,300000000.00
Oct 07 2023,OKB,$42.86,0,300000000.00,300000000.00
Oct 07 2023,OKB,$42.86,0,300000000.00,300000000.00
Oct 06 2023,OKB,$42.88,0,300000000.00,300000000.00
Oct 06 2023,OKB,$42.88,0,300000000.00,300000000.00
Oct 05 2023,OKB,$43.05,0,300000000.00,300000000.00
Oct 05 2023,OKB,$43.05,0,300000000.00,300000000.00
Oct 05 2023,OKB,$43.05,0,300000000.00,300000000.00
Oct 04 2023,OKB,$43.07,0,300000000.00,300000000.00
Oct 04 2023,OKB,$43.07,0,300000000.00,300000000.00
Oct 03 2023,OKB,$42.88,0,300000000.00,300000000.00
Oct 03 2023,OKB,$42.88,0,300000000.00,300000000.00
Oct 03 2023,OKB,$42.88,0,300000000.00,300000000.00
Oct 02 2023,OKB,$43.67,0,300000000.00,300000000.00
Oct 02 2023,OKB,$43.67,0,300000000.00,300000000.00
Oct 01 2023,OKB,$42.96,0,300000000.00,300000000.00
Oct 01 2023,OKB,$42.96,0,300000000.00,300000000.00
Sep 30 2023,OKB,$43.00,0,300000000.00,300000000.00
Sep 30 2023,OKB,$43.00,0,300000000.00,300000000.00
Sep 30 2023,OKB,$43.00,0,300000000.00,300000000.00
Sep 29 2023,OKB,$43.16,0,300000000.00,300000000.00
Sep 29 2023,OKB,$43.16,0,300000000.00,300000000.00
Sep 28 2023,OKB,$42.86,0,300000000.00,300000000.00
Sep 28 2023,OKB,$42.86,0,300000000.00,300000000.00
Sep 28 2023,OKB,$42.86,0,300000000.00,300000000.00
Sep 27 2023,OKB,$43.01,0,300000000.00,300000000.00
Sep 27 2023,OKB,$43.01,0,300000000.00,300000000.00
Sep 26 2023,OKB,$42.94,0,300000000.00,300000000.00
Sep 26 2023,OKB,$42.94,0,300000000.00,300000000.00
Sep 26 2023,OKB,$42.94,0,300000000.00,300000000.00
Sep 25 2023,OKB,$42.82,0,300000000.00,300000000.00
Sep 25 2023,OKB,$42.82,0,300000000.00,300000000.00
Sep 24 2023,OKB,$42.77,0,300000000.00,300000000.00
Sep 24 2023,OKB,$42.77,0,300000000.00,300000000.00
Sep 23 2023,OKB,$42.94,0,300000000.00,300000000.00
Sep 23 2023,OKB,$42.94,0,300000000.00,300000000.00
Sep 23 2023,OKB,$42.94,0,300000000.00,300000000.00
Sep 22 2023,OKB,$42.99,0,300000000.00,300000000.00
Sep 22 2023,OKB,$42.99,0,300000000.00,300000000.00
Sep 21 2023,OKB,$43.51,0,300000000.00,300000000.00
Sep 21 2023,OKB,$43.51,0,300000000.00,300000000.00
Sep 21 2023,OKB,$43.51,0,300000000.00,300000000.00
Sep 20 2023,OKB,$43.91,0,300000000.00,300000000.00
Sep 20 2023,OKB,$43.91,0,300000000.00,300000000.00
Sep 19 2023,OKB,$43.76,0,300000000.00,300000000.00
Sep 19 2023,OKB,$43.76,0,300000000.00,300000000.00
Sep 19 2023,OKB,$43.76,0,300000000.00,300000000.00
Sep 18 2023,OKB,$43.01,0,300000000.00,300000000.00
Sep 18 2023,OKB,$43.01,0,300000000.00,300000000.00
Sep 17 2023,OKB,$42.88,0,300000000.00,300000000.00
Sep 17 2023,OKB,$42.88,0,300000000.00,300000000.00
Sep 16 2023,OKB,$42.82,0,300000000.00,300000000.00
Sep 16 2023,OKB,$42.82,0,300000000.00,300000000.00
Sep 16 2023,OKB,$42.82,0,300000000.00,300000000.00
Sep 15 2023,OKB,$42.55,0,300000000.00,300000000.00
Sep 15 2023,OKB,$42.55,0,300000000.00,300000000.00
Sep 14 2023,OKB,$42.08,0,300000000.00,300000000.00
Sep 14 2023,OKB,$42.08,0,300000000.00,300000000.00
Sep 14 2023,OKB,$42.08,0,300000000.00,300000000.00
Sep 13 2023,OKB,$41.77,0,300000000.00,300000000.00
Sep 13 2023,OKB,$41.77,0,300000000.00,300000000.00
Sep 12 2023,OKB,$41.14,0,300000000.00,300000000.00
Sep 12 2023,OKB,$41.14,0,300000000.00,300000000.00
Sep 12 2023,OKB,$41.14,0,300000000.00,300000000.00
Sep 11 2023,OKB,$41.89,0,300000000.00,300000000.00
Sep 11 2023,OKB,$41.89,0,300000000.00,300000000.00
Sep 10 2023,OKB,$42.23,0,300000000.00,300000000.00
Sep 10 2023,OKB,$42.23,0,300000000.00,300000000.00
Sep 09 2023,OKB,$42.27,0,300000000.00,300000000.00
Sep 09 2023,OKB,$42.27,0,300000000.00,300000000.00
Sep 09 2023,OKB,$42.27,0,300000000.00,300000000.00
Sep 08 2023,OKB,$42.46,0,300000000.00,300000000.00
Sep 08 2023,OKB,$42.46,0,300000000.00,300000000.00
Sep 07 2023,OKB,$42.33,0,300000000.00,300000000.00
Sep 07 2023,OKB,$42.33,0,300000000.00,300000000.00
Sep 07 2023,OKB,$42.33,0,300000000.00,300000000.00
Sep 06 2023,OKB,$42.43,0,300000000.00,300000000.00
Sep 06 2023,OKB,$42.43,0,300000000.00,300000000.00
Sep 05 2023,OKB,$42.23,0,300000000.00,300000000.00
Sep 05 2023,OKB,$42.23,0,300000000.00,300000000.00
Sep 04 2023,OKB,$42.36,0,300000000.00,300000000.00
Sep 04 2023,OKB,$42.36,0,300000000.00,300000000.00
Sep 04 2023,OKB,$42.36,0,300000000.00,300000000.00
Sep 03 2023,OKB,$41.34,0,300000000.00,300000000.00
Sep 03 2023,OKB,$41.34,0,300000000.00,300000000.00
Sep 02 2023,OKB,$42.72,0,300000000.00,300000000.00
Sep 02 2023,OKB,$42.72,0,300000000.00,300000000.00
Sep 02 2023,OKB,$42.72,0,300000000.00,300000000.00
Sep 01 2023,OKB,$42.97,0,300000000.00,300000000.00
Sep 01 2023,OKB,$42.97,0,300000000.00,300000000.00
Aug 31 2023,OKB,$43.72,0,300000000.00,300000000.00
Aug 31 2023,OKB,$43.72,0,300000000.00,300000000.00
Aug 31 2023,OKB,$43.72,0,300000000.00,300000000.00
Aug 30 2023,OKB,$43.89,0,300000000.00,300000000.00
Aug 30 2023,OKB,$43.89,0,300000000.00,300000000.00
Aug 29 2023,OKB,$42.95,0,300000000.00,300000000.00
Aug 29 2023,OKB,$42.95,0,300000000.00,300000000.00
Aug 28 2023,OKB,$43.04,0,300000000.00,300000000.00
Aug 28 2023,OKB,$43.04,0,300000000.00,300000000.00
Aug 28 2023,OKB,$43.04,0,300000000.00,300000000.00
Aug 27 2023,OKB,$42.93,0,300000000.00,300000000.00
Aug 27 2023,OKB,$42.93,0,300000000.00,300000000.00
Aug 26 2023,OKB,$42.93,0,300000000.00,300000000.00
Aug 26 2023,OKB,$42.93,0,300000000.00,300000000.00
Aug 26 2023,OKB,$42.93,0,300000000.00,300000000.00
Aug 25 2023,OKB,$42.96,0,300000000.00,300000000.00
Aug 25 2023,OKB,$42.96,0,300000000.00,300000000.00
Aug 24 2023,OKB,$44.17,0,300000000.00,300000000.00
Aug 24 2023,OKB,$44.17,0,300000000.00,300000000.00
Aug 24 2023,OKB,$44.17,0,300000000.00,300000000.00
Aug 23 2023,OKB,$42.75,0,300000000.00,300000000.00
Aug 23 2023,OKB,$42.75,0,300000000.00,300000000.00
Aug 22 2023,OKB,$43.30,0,300000000.00,300000000.00
Aug 22 2023,OKB,$43.30,0,300000000.00,300000000.00
Aug 21 2023,OKB,$43.84,0,300000000.00,300000000.00
Aug 21 2023,OKB,$43.84,0,300000000.00,300000000.00
Aug 21 2023,OKB,$43.84,0,300000000.00,300000000.00
Aug 20 2023,OKB,$43.14,0,300000000.00,300000000.00
Aug 20 2023,OKB,$43.14,0,300000000.00,300000000.00
Aug 19 2023,OKB,$42.24,0,300000000.00,300000000.00
Aug 19 2023,OKB,$42.24,0,300000000.00,300000000.00
Aug 19 2023,OKB,$42.24,0,300000000.00,300000000.00
Aug 18 2023,OKB,$42.31,0,300000000.00,300000000.00
Aug 18 2023,OKB,$42.31,0,300000000.00,300000000.00
Aug 17 2023,OKB,$45.71,0,300000000.00,300000000.00
Aug 17 2023,OKB,$45.71,0,300000000.00,300000000.00
Aug 17 2023,OKB,$45.71,0,300000000.00,300000000.00
Aug 16 2023,OKB,$46.31,0,300000000.00,300000000.00
Aug 16 2023,OKB,$46.31,0,300000000.00,300000000.00
Aug 15 2023,OKB,$47.13,0,300000000.00,300000000.00
Aug 15 2023,OKB,$47.13,0,300000000.00,300000000.00
Aug 14 2023,OKB,$46.62,0,300000000.00,300000000.00
Aug 14 2023,OKB,$46.62,0,300000000.00,300000000.00
Aug 14 2023,OKB,$46.62,0,300000000.00,300000000.00
Aug 13 2023,OKB,$48.22,0,300000000.00,300000000.00
Aug 13 2023,OKB,$48.22,0,300000000.00,300000000.00
Aug 12 2023,OKB,$47.62,0,300000000.00,300000000.00
Aug 12 2023,OKB,$47.62,0,300000000.00,300000000.00
Aug 12 2023,OKB,$47.62,0,300000000.00,300000000.00
Aug 11 2023,OKB,$49.12,0,300000000.00,300000000.00
Aug 11 2023,OKB,$49.12,0,300000000.00,300000000.00
Aug 10 2023,OKB,$48.27,0,300000000.00,300000000.00
Aug 10 2023,OKB,$48.27,0,300000000.00,300000000.00
Aug 10 2023,OKB,$48.27,0,300000000.00,300000000.00
Aug 09 2023,OKB,$46.82,0,300000000.00,300000000.00
Aug 09 2023,OKB,$46.82,0,300000000.00,300000000.00
Aug 08 2023,OKB,$45.00,0,300000000.00,300000000.00
Aug 08 2023,OKB,$45.00,0,300000000.00,300000000.00
Aug 07 2023,OKB,$44.97,0,300000000.00,300000000.00
Aug 07 2023,OKB,$44.97,0,300000000.00,300000000.00
Aug 07 2023,OKB,$44.97,0,300000000.00,300000000.00
Aug 06 2023,OKB,$45.00,0,300000000.00,300000000.00
Aug 06 2023,OKB,$45.00,0,300000000.00,300000000.00
Aug 05 2023,OKB,$44.75,0,300000000.00,300000000.00
Aug 05 2023,OKB,$44.75,0,300000000.00,300000000.00
Aug 05 2023,OKB,$44.75,0,300000000.00,300000000.00
Aug 04 2023,OKB,$41.97,0,300000000.00,300000000.00
Aug 04 2023,OKB,$41.97,0,300000000.00,300000000.00
Aug 03 2023,OKB,$42.06,0,300000000.00,300000000.00
Aug 03 2023,OKB,$42.06,0,300000000.00,300000000.00
Aug 03 2023,OKB,$42.06,0,300000000.00,300000000.00
Aug 02 2023,OKB,$42.55,0,300000000.00,300000000.00
Aug 02 2023,OKB,$42.55,0,300000000.00,300000000.00
Aug 01 2023,OKB,$42.54,0,300000000.00,300000000.00
Aug 01 2023,OKB,$42.54,0,300000000.00,300000000.00
Jul 31 2023,OKB,$42.52,0,300000000.00,300000000.00
Jul 31 2023,OKB,$42.52,0,300000000.00,300000000.00
Jul 31 2023,OKB,$42.52,0,300000000.00,300000000.00
Jul 30 2023,OKB,$42.74,0,300000000.00,300000000.00
Jul 30 2023,OKB,$42.74,0,300000000.00,300000000.00
Jul 29 2023,OKB,$42.91,0,300000000.00,300000000.00
Jul 29 2023,OKB,$42.91,0,300000000.00,300000000.00
Jul 29 2023,OKB,$42.91,0,300000000.00,300000000.00
Jul 28 2023,OKB,$43.14,0,300000000.00,300000000.00
Jul 28 2023,OKB,$43.14,0,300000000.00,300000000.00
Jul 27 2023,OKB,$42.81,0,300000000.00,300000000.00
Jul 27 2023,OKB,$42.81,0,300000000.00,300000000.00
Jul 27 2023,OKB,$42.81,0,300000000.00,300000000.00
Jul 26 2023,OKB,$42.45,0,300000000.00,300000000.00
Jul 26 2023,OKB,$42.45,0,300000000.00,300000000.00
Jul 25 2023,OKB,$42.30,0,300000000.00,300000000.00
Jul 25 2023,OKB,$42.30,0,300000000.00,300000000.00
Jul 25 2023,OKB,$42.30,0,300000000.00,300000000.00
Aug 07 2023,OKB,$44.97,0,300000000.00,300000000.00
Aug 07 2023,OKB,$44.97,0,300000000.00,300000000.00
Aug 06 2023,OKB,$45.00,0,300000000.00,300000000.00
Aug 06 2023,OKB,$45.00,0,300000000.00,300000000.00
Aug 05 2023,OKB,$44.75,0,300000000.00,300000000.00
Aug 05 2023,OKB,$44.75,0,300000000.00,300000000.00
Aug 05 2023,OKB,$44.75,0,300000000.00,300000000.00
Aug 04 2023,OKB,$41.97,0,300000000.00,300000000.00
Aug 04 2023,OKB,$41.97,0,300000000.00,300000000.00
Aug 03 2023,OKB,$42.06,0,300000000.00,300000000.00
Aug 03 2023,OKB,$42.06,0,300000000.00,300000000.00
Aug 02 2023,OKB,$42.55,0,300000000.00,300000000.00
Aug 02 2023,OKB,$42.55,0,300000000.00,300000000.00
Aug 02 2023,OKB,$42.55,0,300000000.00,300000000.00
Aug 01 2023,OKB,$42.54,0,300000000.00,300000000.00
Aug 01 2023,OKB,$42.54,0,300000000.00,300000000.00
Jul 31 2023,OKB,$42.52,0,300000000.00,300000000.00
Jul 31 2023,OKB,$42.52,0,300000000.00,300000000.00
Jul 31 2023,OKB,$42.52,0,300000000.00,300000000.00
Jul 30 2023,OKB,$42.74,0,300000000.00,300000000.00
Jul 30 2023,OKB,$42.74,0,300000000.00,300000000.00
Jul 29 2023,OKB,$42.91,0,300000000.00,300000000.00
Jul 29 2023,OKB,$42.91,0,300000000.00,300000000.00
Jul 29 2023,OKB,$42.91,0,300000000.00,300000000.00
Jul 28 2023,OKB,$43.14,0,300000000.00,300000000.00
Jul 28 2023,OKB,$43.14,0,300000000.00,300000000.00
Jul 27 2023,OKB,$42.81,0,300000000.00,300000000.00
Jul 27 2023,OKB,$42.81,0,300000000.00,300000000.00
Jul 26 2023,OKB,$42.45,0,300000000.00,300000000.00
Jul 26 2023,OKB,$42.45,0,300000000.00,300000000.00
Jul 26 2023,OKB,$42.45,0,300000000.00,300000000.00
Jul 25 2023,OKB,$42.30,0,300000000.00,300000000.00
Jul 25 2023,OKB,$42.30,0,300000000.00,300000000.00
Jul 24 2023,OKB,$43.19,0,300000000.00,300000000.00
Jul 24 2023,OKB,$43.19,0,300000000.00,300000000.00
Jul 24 2023,OKB,$43.19,0,300000000.00,300000000.00
Jul 23 2023,OKB,$43.12,0,300000000.00,300000000.00
Jul 23 2023,OKB,$43.12,0,300000000.00,300000000.00
Jul 22 2023,OKB,$43.27,0,300000000.00,300000000.00
Jul 22 2023,OKB,$43.27,0,300000000.00,300000000.00
Jul 22 2023,OKB,$43.27,0,300000000.00,300000000.00
Jul 21 2023,OKB,$42.93,0,300000000.00,300000000.00
Jul 21 2023,OKB,$42.93,0,300000000.00,300000000.00
Jul 20 2023,OKB,$43.12,0,300000000.00,300000000.00
Jul 20 2023,OKB,$43.12,0,300000000.00,300000000.00
Jul 19 2023,OKB,$43.14,0,300000000.00,300000000.00
Jul 19 2023,OKB,$43.14,0,300000000.00,300000000.00
Jul 19 2023,OKB,$43.14,0,300000000.00,300000000.00
Jul 18 2023,OKB,$43.67,0,300000000.00,300000000.00
Jul 18 2023,OKB,$43.67,0,300000000.00,300000000.00
Jul 17 2023,OKB,$44.08,0,300000000.00,300000000.00
Jul 17 2023,OKB,$44.08,0,300000000.00,300000000.00
Jul 17 2023,OKB,$44.08,0,300000000.00,300000000.00
Jul 16 2023,OKB,$43.41,0,300000000.00,300000000.00
Jul 16 2023,OKB,$43.41,0,300000000.00,300000000.00
Jul 15 2023,OKB,$43.21,0,300000000.00,300000000.00
Jul 15 2023,OKB,$43.21,0,300000000.00,300000000.00
Jul 15 2023,OKB,$43.21,0,300000000.00,300000000.00
Jul 14 2023,OKB,$44.13,0,300000000.00,300000000.00
Jul 14 2023,OKB,$44.13,0,300000000.00,300000000.00
Jul 13 2023,OKB,$43.03,0,300000000.00,300000000.00
Jul 13 2023,OKB,$43.03,0,300000000.00,300000000.00
Jul 12 2023,OKB,$43.18,0,300000000.00,300000000.00
Jul 12 2023,OKB,$43.18,0,300000000.00,300000000.00
Jul 12 2023,OKB,$43.18,0,300000000.00,300000000.00
Jul 11 2023,OKB,$42.70,0,300000000.00,300000000.00
Jul 11 2023,OKB,$42.70,0,300000000.00,300000000.00
Jul 10 2023,OKB,$41.51,0,300000000.00,300000000.00
Jul 10 2023,OKB,$41.51,0,300000000.00,300000000.00
Jul 10 2023,OKB,$41.51,0,300000000.00,300000000.00
Jul 09 2023,OKB,$42.77,0,300000000.00,300000000.00
Jul 09 2023,OKB,$42.77,0,300000000.00,300000000.00
Jul 08 2023,OKB,$43.01,0,300000000.00,300000000.00
Jul 08 2023,OKB,$43.01,0,300000000.00,300000000.00
Jul 08 2023,OKB,$43.01,0,300000000.00,300000000.00
Jul 07 2023,OKB,$42.91,0,300000000.00,300000000.00
Jul 07 2023,OKB,$42.91,0,300000000.00,300000000.00
Jul 06 2023,OKB,$43.31,0,300000000.00,300000000.00
Jul 06 2023,OKB,$43.31,0,300000000.00,300000000.00
Jul 05 2023,OKB,$44.14,0,300000000.00,300000000.00
Jul 05 2023,OKB,$44.14,0,300000000.00,300000000.00
Jul 05 2023,OKB,$44.14,0,300000000.00,300000000.00
Jul 04 2023,OKB,$44.70,0,300000000.00,300000000.00
Jul 04 2023,OKB,$44.70,0,300000000.00,300000000.00
Jul 03 2023,OKB,$44.66,0,300000000.00,300000000.00
Jul 03 2023,OKB,$44.66,0,300000000.00,300000000.00
Jul 03 2023,OKB,$44.66,0,300000000.00,300000000.00
Jul 02 2023,OKB,$44.52,0,300000000.00,300000000.00
Jul 02 2023,OKB,$44.52,0,300000000.00,300000000.00
Jul 01 2023,OKB,$44.58,0,300000000.00,300000000.00
Jul 01 2023,OKB,$44.58,0,300000000.00,300000000.00
Jun 30 2023,OKB,$43.32,0,300000000.00,300000000.00
Jun 30 2023,OKB,$43.32,0,300000000.00,300000000.00
Jun 30 2023,OKB,$43.32,0,300000000.00,300000000.00
Jun 29 2023,OKB,$43.02,0,300000000.00,300000000.00
Jun 29 2023,OKB,$43.02,0,300000000.00,300000000.00
Jun 28 2023,OKB,$44.30,0,300000000.00,300000000.00
Jun 28 2023,OKB,$44.30,0,300000000.00,300000000.00
Jun 28 2023,OKB,$44.30,0,300000000.00,300000000.00
Jun 27 2023,OKB,$44.22,0,300000000.00,300000000.00
Jun 27 2023,OKB,$44.22,0,300000000.00,300000000.00
Jun 26 2023,OKB,$44.69,0,300000000.00,300000000.00
Jun 26 2023,OKB,$44.69,0,300000000.00,300000000.00
Jun 26 2023,OKB,$44.69,0,300000000.00,300000000.00
Jun 25 2023,OKB,$44.69,0,300000000.00,300000000.00
Jun 25 2023,OKB,$44.69,0,300000000.00,300000000.00
Jun 24 2023,OKB,$45.17,0,300000000.00,300000000.00
Jun 24 2023,OKB,$45.17,0,300000000.00,300000000.00
Jun 23 2023,OKB,$44.51,0,300000000.00,300000000.00
Jun 23 2023,OKB,$44.51,0,300000000.00,300000000.00
Jun 23 2023,OKB,$44.51,0,300000000.00,300000000.00
Jun 22 2023,OKB,$45.77,0,300000000.00,300000000.00
Jun 22 2023,OKB,$45.77,0,300000000.00,300000000.00
Jun 21 2023,OKB,$42.48,0,300000000.00,300000000.00
Jun 21 2023,OKB,$42.48,0,300000000.00,300000000.00
Jun 21 2023,OKB,$42.48,0,300000000.00,300000000.00
Jun 20 2023,OKB,$41.54,0,300000000.00,300000000.00
Jun 20 2023,OKB,$41.54,0,300000000.00,300000000.00
Jun 19 2023,OKB,$41.38,0,300000000.00,300000000.00
Jun 19 2023,OKB,$41.38,0,300000000.00,300000000.00
Jun 19 2023,OKB,$41.38,0,300000000.00,300000000.00
Jun 18 2023,OKB,$41.64,0,300000000.00,300000000.00
Jun 18 2023,OKB,$41.64,0,300000000.00,300000000.00
Jun 17 2023,OKB,$41.26,0,300000000.00,300000000.00
Jun 17 2023,OKB,$41.26,0,300000000.00,300000000.00
Jun 16 2023,OKB,$39.87,0,300000000.00,300000000.00
Jun 16 2023,OKB,$39.87,0,300000000.00,300000000.00
Jun 16 2023,OKB,$39.87,0,300000000.00,300000000.00
Jun 15 2023,OKB,$39.73,0,300000000.00,300000000.00
Jun 15 2023,OKB,$39.73,0,300000000.00,300000000.00
Jun 14 2023,OKB,$39.84,0,300000000.00,300000000.00
Jun 14 2023,OKB,$39.84,0,300000000.00,300000000.00
Jun 14 2023,OKB,$39.84,0,300000000.00,300000000.00
Jun 13 2023,OKB,$39.54,0,300000000.00,300000000.00
Jun 13 2023,OKB,$39.54,0,300000000.00,300000000.00
Jun 12 2023,OKB,$40.66,0,300000000.00,300000000.00
Jun 12 2023,OKB,$40.66,0,300000000.00,300000000.00
Jun 12 2023,OKB,$40.66,0,300000000.00,300000000.00
Jun 11 2023,OKB,$42.35,0,300000000.00,300000000.00
Jun 11 2023,OKB,$42.35,0,300000000.00,300000000.00
Jun 10 2023,OKB,$44.86,0,300000000.00,300000000.00
Jun 10 2023,OKB,$44.86,0,300000000.00,300000000.00
Jun 09 2023,OKB,$44.68,0,300000000.00,300000000.00
Jun 09 2023,OKB,$44.68,0,300000000.00,300000000.00
Jun 09 2023,OKB,$44.68,0,300000000.00,300000000.00
Jun 08 2023,OKB,$44.74,0,300000000.00,300000000.00
Jun 08 2023,OKB,$44.74,0,300000000.00,300000000.00
Jun 07 2023,OKB,$45.34,0,300000000.00,300000000.00
Jun 07 2023,OKB,$45.34,0,300000000.00,300000000.00
Jun 07 2023,OKB,$45.34,0,300000000.00,300000000.00
Jun 06 2023,OKB,$44.42,0,300000000.00,300000000.00
Jun 06 2023,OKB,$44.42,0,300000000.00,300000000.00
Jun 05 2023,OKB,$45.82,0,300000000.00,300000000.00
Jun 05 2023,OKB,$45.82,0,300000000.00,300000000.00
Jun 05 2023,OKB,$45.82,0,300000000.00,300000000.00
Jun 04 2023,OKB,$45.87,0,300000000.00,300000000.00
Jun 04 2023,OKB,$45.87,0,300000000.00,300000000.00
Jun 03 2023,OKB,$46.48,0,300000000.00,300000000.00
Jun 03 2023,OKB,$46.48,0,300000000.00,300000000.00
Jun 02 2023,OKB,$45.86,0,300000000.00,300000000.00
Jun 02 2023,OKB,$45.86,0,300000000.00,300000000.00
Jun 02 2023,OKB,$45.86,0,300000000.00,300000000.00
Jun 01 2023,OKB,$45.84,0,300000000.00,300000000.00
Jun 01 2023,OKB,$45.84,0,300000000.00,300000000.00
May 31 2023,OKB,$47.15,0,300000000.00,300000000.00
May 31 2023,OKB,$47.15,0,300000000.00,300000000.00
May 31 2023,OKB,$47.15,0,300000000.00,300000000.00
May 30 2023,OKB,$46.95,0,300000000.00,300000000.00
May 30 2023,OKB,$46.95,0,300000000.00,300000000.00
May 29 2023,OKB,$47.41,0,300000000.00,300000000.00
May 29 2023,OKB,$47.41,0,300000000.00,300000000.00
May 29 2023,OKB,$47.41,0,300000000.00,300000000.00
May 28 2023,OKB,$46.68,0,300000000.00,300000000.00
May 28 2023,OKB,$46.68,0,300000000.00,300000000.00
May 27 2023,OKB,$46.41,0,300000000.00,300000000.00
May 27 2023,OKB,$46.41,0,300000000.00,300000000.00
May 26 2023,OKB,$46.14,0,300000000.00,300000000.00
May 26 2023,OKB,$46.14,0,300000000.00,300000000.00
May 26 2023,OKB,$46.14,0,300000000.00,300000000.00
May 25 2023,OKB,$44.80,0,300000000.00,300000000.00
May 25 2023,OKB,$44.80,0,300000000.00,300000000.00
May 24 2023,OKB,$46.01,0,300000000.00,300000000.00
May 24 2023,OKB,$46.01,0,300000000.00,300000000.00
May 24 2023,OKB,$46.01,0,300000000.00,300000000.00
May 23 2023,OKB,$45.93,0,300000000.00,300000000.00
May 23 2023,OKB,$45.93,0,300000000.00,300000000.00
May 22 2023,OKB,$45.70,0,300000000.00,300000000.00
May 22 2023,OKB,$45.70,0,300000000.00,300000000.00
May 22 2023,OKB,$45.70,0,300000000.00,300000000.00
May 21 2023,OKB,$45.96,0,300000000.00,300000000.00
May 21 2023,OKB,$45.96,0,300000000.00,300000000.00
May 20 2023,OKB,$45.88,0,300000000.00,300000000.00
May 20 2023,OKB,$45.88,0,300000000.00,300000000.00
May 19 2023,OKB,$45.80,0,300000000.00,300000000.00
May 19 2023,OKB,$45.80,0,300000000.00,300000000.00
May 19 2023,OKB,$45.80,0,300000000.00,300000000.00
May 18 2023,OKB,$46.29,0,300000000.00,300000000.00
May 18 2023,OKB,$46.29,0,300000000.00,300000000.00
May 17 2023,OKB,$46.01,0,300000000.00,300000000.00
May 17 2023,OKB,$46.01,0,300000000.00,300000000.00
May 17 2023,OKB,$46.01,0,300000000.00,300000000.00
May 16 2023,OKB,$46.59,0,300000000.00,300000000.00
May 16 2023,OKB,$46.59,0,300000000.00,300000000.00
May 15 2023,OKB,$45.34,0,300000000.00,300000000.00
May 15 2023,OKB,$45.34,0,300000000.00,300000000.00
May 14 2023,OKB,$44.76,0,300000000.00,300000000.00
May 14 2023,OKB,$44.76,0,300000000.00,300000000.00
May 14 2023,OKB,$44.76,0,300000000.00,300000000.00
May 13 2023,OKB,$44.42,0,300000000.00,300000000.00
May 13 2023,OKB,$44.42,0,300000000.00,300000000.00
May 12 2023,OKB,$44.20,0,300000000.00,300000000.00
May 12 2023,OKB,$44.20,0,300000000.00,300000000.00
May 12 2023,OKB,$44.20,0,300000000.00,300000000.00
May 11 2023,OKB,$45.07,0,300000000.00,300000000.00
May 11 2023,OKB,$45.07,0,300000000.00,300000000.00
May 10 2023,OKB,$44.66,0,300000000.00,300000000.00
May 10 2023,OKB,$44.66,0,300000000.00,300000000.00
May 10 2023,OKB,$44.66,0,300000000.00,300000000.00
May 09 2023,OKB,$43.58,0,300000000.00,300000000.00
May 09 2023,OKB,$43.58,0,300000000.00,300000000.00
May 08 2023,OKB,$45.45,0,300000000.00,300000000.00
May 08 2023,OKB,$45.45,0,300000000.00,300000000.00
May 07 2023,OKB,$45.45,0,300000000.00,300000000.00
May 07 2023,OKB,$45.45,0,300000000.00,300000000.00
May 07 2023,OKB,$45.45,0,300000000.00,300000000.00
May 06 2023,OKB,$46.67,0,300000000.00,300000000.00
May 06 2023,OKB,$46.67,0,300000000.00,300000000.00
May 05 2023,OKB,$46.68,0,300000000.00,300000000.00
May 05 2023,OKB,$46.68,0,300000000.00,300000000.00
May 05 2023,OKB,$46.68,0,300000000.00,300000000.00
May 04 2023,OKB,$46.92,0,300000000.00,300000000.00
May 04 2023,OKB,$46.92,0,300000000.00,300000000.00
May 03 2023,OKB,$46.39,0,300000000.00,300000000.00
May 03 2023,OKB,$46.39,0,300000000.00,300000000.00
May 03 2023,OKB,$46.39,0,300000000.00,300000000.00
May 02 2023,OKB,$46.24,0,300000000.00,300000000.00
May 02 2023,OKB,$46.24,0,300000000.00,300000000.00
May 01 2023,OKB,$47.07,0,300000000.00,300000000.00
May 01 2023,OKB,$47.07,0,300000000.00,300000000.00
Apr 30 2023,OKB,$47.84,0,300000000.00,300000000.00
Apr 30 2023,OKB,$47.84,0,300000000.00,300000000.00
Apr 30 2023,OKB,$47.84,0,300000000.00,300000000.00
Apr 29 2023,OKB,$47.57,0,300000000.00,300000000.00
Apr 29 2023,OKB,$47.57,0,300000000.00,300000000.00
Apr 28 2023,OKB,$47.94,0,300000000.00,300000000.00
Apr 28 2023,OKB,$47.94,0,300000000.00,300000000.00
Apr 28 2023,OKB,$47.94,0,300000000.00,300000000.00
Apr 27 2023,OKB,$47.64,0,300000000.00,300000000.00
Apr 27 2023,OKB,$47.64,0,300000000.00,300000000.00
Apr 26 2023,OKB,$47.08,0,300000000.00,300000000.00
Apr 26 2023,OKB,$47.08,0,300000000.00,300000000.00
Apr 26 2023,OKB,$47.08,0,300000000.00,300000000.00
Apr 25 2023,OKB,$45.98,0,300000000.00,300000000.00
Apr 25 2023,OKB,$45.98,0,300000000.00,300000000.00
Apr 24 2023,OKB,$45.90,0,300000000.00,300000000.00
Apr 24 2023,OKB,$45.90,0,300000000.00,300000000.00
Apr 23 2023,OKB,$48.51,0,300000000.00,300000000.00
Apr 23 2023,OKB,$48.51,0,300000000.00,300000000.00
Apr 23 2023,OKB,$48.51,0,300000000.00,300000000.00
Apr 22 2023,OKB,$48.40,0,300000000.00,300000000.00
Apr 22 2023,OKB,$48.40,0,300000000.00,300000000.00
Apr 21 2023,OKB,$53.13,0,300000000.00,300000000.00
Apr 21 2023,OKB,$53.13,0,300000000.00,300000000.00
Apr 21 2023,OKB,$53.13,0,300000000.00,300000000.00
Apr 20 2023,OKB,$53.00,0,300000000.00,300000000.00
Apr 20 2023,OKB,$53.00,0,300000000.00,300000000.00
Apr 19 2023,OKB,$54.48,0,300000000.00,300000000.00
Apr 19 2023,OKB,$54.48,0,300000000.00,300000000.00
Apr 19 2023,OKB,$54.48,0,300000000.00,300000000.00
Apr 18 2023,OKB,$52.46,0,300000000.00,300000000.00
Apr 18 2023,OKB,$52.46,0,300000000.00,300000000.00
Apr 17 2023,OKB,$53.29,0,300000000.00,300000000.00
Apr 17 2023,OKB,$53.29,0,300000000.00,300000000.00
Apr 16 2023,OKB,$56.15,0,300000000.00,300000000.00
Apr 16 2023,OKB,$56.15,0,300000000.00,300000000.00
Apr 16 2023,OKB,$56.15,0,300000000.00,300000000.00
Apr 15 2023,OKB,$47.83,0,300000000.00,300000000.00
Apr 15 2023,OKB,$47.83,0,300000000.00,300000000.00
Apr 14 2023,OKB,$43.47,0,300000000.00,300000000.00
Apr 14 2023,OKB,$43.47,0,300000000.00,300000000.00
Apr 14 2023,OKB,$43.47,0,300000000.00,300000000.00
Apr 13 2023,OKB,$42.13,0,300000000.00,300000000.00
Apr 13 2023,OKB,$42.13,0,300000000.00,300000000.00
Apr 12 2023,OKB,$42.74,0,300000000.00,300000000.00
Apr 12 2023,OKB,$42.74,0,300000000.00,300000000.00
Apr 12 2023,OKB,$42.74,0,300000000.00,300000000.00
Apr 11 2023,OKB,$42.67,0,300000000.00,300000000.00
Apr 11 2023,OKB,$42.67,0,300000000.00,300000000.00
Apr 10 2023,OKB,$41.47,0,300000000.00,300000000.00
Apr 10 2023,OKB,$41.47,0,300000000.00,300000000.00
Apr 09 2023,OKB,$41.45,0,300000000.00,300000000.00
Apr 09 2023,OKB,$41.45,0,300000000.00,300000000.00
Apr 09 2023,OKB,$41.45,0,300000000.00,300000000.00
Apr 08 2023,OKB,$41.43,0,300000000.00,300000000.00
Apr 08 2023,OKB,$41.43,0,300000000.00,300000000.00
Apr 07 2023,OKB,$41.42,0,300000000.00,300000000.00
Apr 07 2023,OKB,$41.42,0,300000000.00,300000000.00
Apr 07 2023,OKB,$41.42,0,300000000.00,300000000.00
Apr 06 2023,OKB,$41.93,0,300000000.00,300000000.00
Apr 06 2023,OKB,$41.93,0,300000000.00,300000000.00
Apr 05 2023,OKB,$40.83,0,300000000.00,300000000.00
Apr 05 2023,OKB,$40.83,0,300000000.00,300000000.00
Apr 05 2023,OKB,$40.83,0,300000000.00,300000000.00
Apr 04 2023,OKB,$40.30,0,300000000.00,300000000.00
Apr 04 2023,OKB,$40.30,0,300000000.00,300000000.00
Apr 03 2023,OKB,$41.33,0,300000000.00,300000000.00
Apr 03 2023,OKB,$41.33,0,300000000.00,300000000.00
Apr 02 2023,OKB,$41.74,0,300000000.00,300000000.00
Apr 02 2023,OKB,$41.74,0,300000000.00,300000000.00
Apr 02 2023,OKB,$41.74,0,300000000.00,300000000.00
Apr 01 2023,OKB,$41.97,0,300000000.00,300000000.00
Apr 01 2023,OKB,$41.97,0,300000000.00,300000000.00
Mar 31 2023,OKB,$41.59,0,300000000.00,300000000.00
Mar 31 2023,OKB,$41.59,0,300000000.00,300000000.00
Mar 31 2023,OKB,$41.59,0,300000000.00,300000000.00
Mar 30 2023,OKB,$42.50,0,300000000.00,300000000.00
Mar 30 2023,OKB,$42.50,0,300000000.00,300000000.00
Mar 29 2023,OKB,$42.72,0,300000000.00,300000000.00
Mar 29 2023,OKB,$42.72,0,300000000.00,300000000.00
Mar 28 2023,OKB,$42.12,0,300000000.00,300000000.00
Mar 28 2023,OKB,$42.12,0,300000000.00,300000000.00
Mar 28 2023,OKB,$42.12,0,300000000.00,300000000.00
Mar 27 2023,OKB,$42.12,0,300000000.00,300000000.00
Mar 27 2023,OKB,$42.12,0,300000000.00,300000000.00
Mar 26 2023,OKB,$41.54,0,300000000.00,300000000.00
Mar 26 2023,OKB,$41.54,0,300000000.00,300000000.00
Mar 26 2023,OKB,$41.54,0,300000000.00,300000000.00
Mar 25 2023,OKB,$42.25,0,300000000.00,300000000.00
Mar 25 2023,OKB,$42.25,0,300000000.00,300000000.00
Mar 24 2023,OKB,$45.10,0,300000000.00,300000000.00
Mar 24 2023,OKB,$45.10,0,300000000.00,300000000.00
Mar 24 2023,OKB,$45.10,0,300000000.00,300000000.00
Mar 23 2023,OKB,$45.16,0,300000000.00,300000000.00
Mar 23 2023,OKB,$45.16,0,300000000.00,300000000.00
Mar 22 2023,OKB,$45.30,0,300000000.00,300000000.00
Mar 22 2023,OKB,$45.30,0,300000000.00,300000000.00
Mar 21 2023,OKB,$45.49,0,300000000.00,300000000.00
Mar 21 2023,OKB,$45.49,0,300000000.00,300000000.00
Mar 21 2023,OKB,$45.49,0,300000000.00,300000000.00
Mar 20 2023,OKB,$48.24,0,300000000.00,300000000.00
Mar 20 2023,OKB,$48.24,0,300000000.00,300000000.00
Mar 19 2023,OKB,$48.33,0,300000000.00,300000000.00
Mar 19 2023,OKB,$48.33,0,300000000.00,300000000.00
Mar 19 2023,OKB,$48.33,0,300000000.00,300000000.00
Mar 18 2023,OKB,$49.45,0,300000000.00,300000000.00
Mar 18 2023,OKB,$49.45,0,300000000.00,300000000.00
Mar 17 2023,OKB,$47.52,0,300000000.00,300000000.00
Mar 17 2023,OKB,$47.52,0,300000000.00,300000000.00
Mar 17 2023,OKB,$47.52,0,300000000.00,300000000.00
Mar 16 2023,OKB,$47.62,0,300000000.00,300000000.00
Mar 16 2023,OKB,$47.62,0,300000000.00,300000000.00
Mar 15 2023,OKB,$49.04,0,300000000.00,300000000.00
Mar 15 2023,OKB,$49.04,0,300000000.00,300000000.00
Mar 14 2023,OKB,$47.82,0,300000000.00,300000000.00
Mar 14 2023,OKB,$47.82,0,300000000.00,300000000.00
Mar 14 2023,OKB,$47.82,0,300000000.00,300000000.00
Mar 13 2023,OKB,$41.42,0,300000000.00,300000000.00
Mar 13 2023,OKB,$41.42,0,300000000.00,300000000.00
Mar 12 2023,OKB,$39.38,0,300000000.00,300000000.00
Mar 12 2023,OKB,$39.38,0,300000000.00,300000000.00
Mar 12 2023,OKB,$39.38,0,300000000.00,300000000.00
Mar 11 2023,OKB,$39.79,0,300000000.00,300000000.00
Mar 11 2023,OKB,$39.79,0,300000000.00,300000000.00
Mar 10 2023,OKB,$40.18,0,300000000.00,300000000.00
Mar 10 2023,OKB,$40.18,0,300000000.00,300000000.00
Mar 10 2023,OKB,$40.18,0,300000000.00,300000000.00
Mar 09 2023,OKB,$44.06,0,300000000.00,300000000.00
Mar 09 2023,OKB,$44.06,0,300000000.00,300000000.00
Mar 08 2023,OKB,$43.17,0,300000000.00,300000000.00
Mar 08 2023,OKB,$43.17,0,300000000.00,300000000.00
Mar 07 2023,OKB,$48.24,0,300000000.00,300000000.00
Mar 07 2023,OKB,$48.24,0,300000000.00,300000000.00
Mar 07 2023,OKB,$48.24,0,300000000.00,300000000.00
Mar 06 2023,OKB,$50.17,0,300000000.00,300000000.00
Mar 06 2023,OKB,$50.17,0,300000000.00,300000000.00
Mar 05 2023,OKB,$49.28,0,300000000.00,300000000.00
Mar 05 2023,OKB,$49.28,0,300000000.00,300000000.00
Mar 05 2023,OKB,$49.28,0,300000000.00,300000000.00
Mar 04 2023,OKB,$49.30,0,300000000.00,300000000.00
Mar 04 2023,OKB,$49.30,0,300000000.00,300000000.00
Mar 03 2023,OKB,$50.74,0,300000000.00,300000000.00
Mar 03 2023,OKB,$50.74,0,300000000.00,300000000.00
Mar 03 2023,OKB,$50.74,0,300000000.00,300000000.00
Mar 02 2023,OKB,$51.09,0,300000000.00,300000000.00
Mar 02 2023,OKB,$51.09,0,300000000.00,300000000.00
Mar 01 2023,OKB,$51.32,0,300000000.00,300000000.00
Mar 01 2023,OKB,$51.32,0,300000000.00,300000000.00
Feb 28 2023,OKB,$52.15,0,300000000.00,300000000.00
Feb 28 2023,OKB,$52.15,0,300000000.00,300000000.00
Feb 28 2023,OKB,$52.15,0,300000000.00,300000000.00
Feb 27 2023,OKB,$52.75,0,300000000.00,300000000.00
Feb 27 2023,OKB,$52.75,0,300000000.00,300000000.00
Feb 26 2023,OKB,$50.95,0,300000000.00,300000000.00
Feb 26 2023,OKB,$50.95,0,300000000.00,300000000.00
Feb 26 2023,OKB,$50.95,0,300000000.00,300000000.00
Feb 25 2023,OKB,$48.62,0,300000000.00,300000000.00
Feb 25 2023,OKB,$48.62,0,300000000.00,300000000.00
Feb 24 2023,OKB,$51.34,0,300000000.00,300000000.00
Feb 24 2023,OKB,$51.34,0,300000000.00,300000000.00
Feb 24 2023,OKB,$51.34,0,300000000.00,300000000.00
Feb 23 2023,OKB,$50.62,0,300000000.00,300000000.00
Feb 23 2023,OKB,$50.62,0,300000000.00,300000000.00
Feb 22 2023,OKB,$50.04,0,300000000.00,300000000.00
Feb 22 2023,OKB,$50.04,0,300000000.00,300000000.00
Feb 21 2023,OKB,$53.41,0,300000000.00,300000000.00
Feb 21 2023,OKB,$53.41,0,300000000.00,300000000.00
Feb 21 2023,OKB,$53.41,0,300000000.00,300000000.00
Feb 20 2023,OKB,$52.85,0,300000000.00,300000000.00
Feb 20 2023,OKB,$52.85,0,300000000.00,300000000.00
Feb 19 2023,OKB,$52.26,0,300000000.00,300000000.00
Feb 19 2023,OKB,$52.26,0,300000000.00,300000000.00
Feb 19 2023,OKB,$52.26,0,300000000.00,300000000.00
Feb 18 2023,OKB,$54.14,0,300000000.00,300000000.00
Feb 18 2023,OKB,$54.14,0,300000000.00,300000000.00
Feb 17 2023,OKB,$48.14,0,300000000.00,300000000.00
Feb 17 2023,OKB,$48.14,0,300000000.00,300000000.00
Feb 17 2023,OKB,$48.14,0,300000000.00,300000000.00
Feb 16 2023,OKB,$44.96,0,300000000.00,300000000.00
Feb 16 2023,OKB,$44.96,0,300000000.00,300000000.00
Feb 15 2023,OKB,$41.80,0,300000000.00,300000000.00
Feb 15 2023,OKB,$41.80,0,300000000.00,300000000.00
Feb 14 2023,OKB,$40.46,0,300000000.00,300000000.00
Feb 14 2023,OKB,$40.46,0,300000000.00,300000000.00
Feb 14 2023,OKB,$40.46,0,300000000.00,300000000.00
Feb 14 2023,OKB,$40.46,0,300000000.00,300000000.00
Feb 13 2023,OKB,$40.88,0,300000000.00,300000000.00
Feb 13 2023,OKB,$40.88,0,300000000.00,300000000.00
Feb 12 2023,OKB,$41.20,0,300000000.00,300000000.00
Feb 12 2023,OKB,$41.20,0,300000000.00,300000000.00
Feb 12 2023,OKB,$41.20,0,300000000.00,300000000.00
Feb 11 2023,OKB,$40.15,0,300000000.00,300000000.00
Feb 11 2023,OKB,$40.15,0,300000000.00,300000000.00
Feb 10 2023,OKB,$39.19,0,300000000.00,300000000.00
Feb 10 2023,OKB,$39.19,0,300000000.00,300000000.00
Feb 09 2023,OKB,$44.44,0,300000000.00,300000000.00
Feb 09 2023,OKB,$44.44,0,300000000.00,300000000.00
Feb 09 2023,OKB,$44.44,0,300000000.00,300000000.00
Feb 08 2023,OKB,$44.81,0,300000000.00,300000000.00
Feb 08 2023,OKB,$44.81,0,300000000.00,300000000.00
Feb 07 2023,OKB,$43.77,0,300000000.00,300000000.00
Feb 07 2023,OKB,$43.77,0,300000000.00,300000000.00
Feb 07 2023,OKB,$43.77,0,300000000.00,300000000.00
Feb 06 2023,OKB,$43.97,0,300000000.00,300000000.00
Feb 06 2023,OKB,$43.97,0,300000000.00,300000000.00
Feb 05 2023,OKB,$41.13,0,300000000.00,300000000.00
Feb 05 2023,OKB,$41.13,0,300000000.00,300000000.00
Feb 05 2023,OKB,$41.13,0,300000000.00,300000000.00
Feb 04 2023,OKB,$41.21,0,300000000.00,300000000.00
Feb 04 2023,OKB,$41.21,0,300000000.00,300000000.00
Feb 03 2023,OKB,$40.07,0,300000000.00,300000000.00
Feb 03 2023,OKB,$40.07,0,300000000.00,300000000.00
Feb 02 2023,OKB,$37.97,0,300000000.00,300000000.00
Feb 02 2023,OKB,$37.97,0,300000000.00,300000000.00
Feb 02 2023,OKB,$37.97,0,300000000.00,300000000.00
Feb 01 2023,OKB,$37.31,0,300000000.00,300000000.00
Feb 01 2023,OKB,$37.31,0,300000000.00,300000000.00
Jan 31 2023,OKB,$36.86,0,300000000.00,300000000.00
Jan 31 2023,OKB,$36.86,0,300000000.00,300000000.00
Jan 31 2023,OKB,$36.86,0,300000000.00,300000000.00
Jan 30 2023,OKB,$39.81,0,300000000.00,300000000.00
Jan 30 2023,OKB,$39.81,0,300000000.00,300000000.00
Jan 29 2023,OKB,$38.84,0,300000000.00,300000000.00
Jan 29 2023,OKB,$38.84,0,300000000.00,300000000.00
Jan 29 2023,OKB,$38.84,0,300000000.00,300000000.00
Jan 28 2023,OKB,$36.29,0,300000000.00,300000000.00
Jan 28 2023,OKB,$36.29,0,300000000.00,300000000.00
Jan 27 2023,OKB,$35.90,0,300000000.00,300000000.00
Jan 27 2023,OKB,$35.90,0,300000000.00,300000000.00
Jan 26 2023,OKB,$36.07,0,300000000.00,300000000.00
Jan 26 2023,OKB,$36.07,0,300000000.00,300000000.00
Jan 26 2023,OKB,$36.07,0,300000000.00,300000000.00
Jan 25 2023,OKB,$35.13,0,300000000.00,300000000.00
Jan 25 2023,OKB,$35.13,0,300000000.00,300000000.00
Jan 24 2023,OKB,$36.37,0,300000000.00,300000000.00
Jan 24 2023,OKB,$36.37,0,300000000.00,300000000.00
Jan 24 2023,OKB,$36.37,0,300000000.00,300000000.00
Jan 23 2023,OKB,$36.64,0,300000000.00,300000000.00
Jan 23 2023,OKB,$36.64,0,300000000.00,300000000.00
Jan 22 2023,OKB,$35.63,0,300000000.00,300000000.00
Jan 22 2023,OKB,$35.63,0,300000000.00,300000000.00
Jan 22 2023,OKB,$35.63,0,300000000.00,300000000.00
Jan 21 2023,OKB,$32.27,0,300000000.00,300000000.00
Jan 21 2023,OKB,$32.27,0,300000000.00,300000000.00
Jan 20 2023,OKB,$31.06,0,300000000.00,300000000.00
Jan 20 2023,OKB,$31.06,0,300000000.00,300000000.00
Jan 19 2023,OKB,$30.95,0,300000000.00,300000000.00
Jan 19 2023,OKB,$30.95,0,300000000.00,300000000.00
Jan 19 2023,OKB,$30.95,0,300000000.00,300000000.00
Jan 18 2023,OKB,$32.11,0,300000000.00,300000000.00
Jan 18 2023,OKB,$32.11,0,300000000.00,300000000.00
Jan 17 2023,OKB,$31.72,0,300000000.00,300000000.00
Jan 17 2023,OKB,$31.72,0,300000000.00,300000000.00
Jan 17 2023,OKB,$31.72,0,300000000.00,300000000.00
Jan 16 2023,OKB,$31.32,0,300000000.00,300000000.00
Jan 16 2023,OKB,$31.32,0,300000000.00,300000000.00
Jan 15 2023,OKB,$32.08,0,300000000.00,300000000.00
Jan 15 2023,OKB,$32.08,0,300000000.00,300000000.00
Jan 15 2023,OKB,$32.08,0,300000000.00,300000000.00
Jan 14 2023,OKB,$29.71,0,300000000.00,300000000.00
Jan 14 2023,OKB,$29.71,0,300000000.00,300000000.00
Jan 13 2023,OKB,$28.69,0,300000000.00,300000000.00
Jan 13 2023,OKB,$28.69,0,300000000.00,300000000.00
Jan 12 2023,OKB,$27.48,0,300000000.00,300000000.00
Jan 12 2023,OKB,$27.48,0,300000000.00,300000000.00
Jan 12 2023,OKB,$27.48,0,300000000.00,300000000.00
Jan 11 2023,OKB,$27.17,0,300000000.00,300000000.00
Jan 11 2023,OKB,$27.17,0,300000000.00,300000000.00
Jan 10 2023,OKB,$26.79,0,300000000.00,300000000.00
Jan 10 2023,OKB,$26.79,0,300000000.00,300000000.00
Jan 10 2023,OKB,$26.79,0,300000000.00,300000000.00
Jan 09 2023,OKB,$26.75,0,300000000.00,300000000.00
Jan 09 2023,OKB,$26.75,0,300000000.00,300000000.00
Jan 08 2023,OKB,$27.07,0,300000000.00,300000000.00
Jan 08 2023,OKB,$27.07,0,300000000.00,300000000.00
Jan 08 2023,OKB,$27.07,0,300000000.00,300000000.00
Jan 07 2023,OKB,$26.95,0,300000000.00,300000000.00
Jan 07 2023,OKB,$26.95,0,300000000.00,300000000.00
Jan 06 2023,OKB,$26.98,0,300000000.00,300000000.00
Jan 06 2023,OKB,$26.98,0,300000000.00,300000000.00
Jan 05 2023,OKB,$27.23,0,300000000.00,300000000.00
Jan 05 2023,OKB,$27.23,0,300000000.00,300000000.00
Jan 05 2023,OKB,$27.23,0,300000000.00,300000000.00
Jan 04 2023,OKB,$28.30,0,300000000.00,300000000.00
Jan 04 2023,OKB,$28.30,0,300000000.00,300000000.00
Jan 03 2023,OKB,$29.34,0,300000000.00,300000000.00
Jan 03 2023,OKB,$29.34,0,300000000.00,300000000.00
Jan 03 2023,OKB,$29.34,0,300000000.00,300000000.00
Jan 02 2023,OKB,$27.35,0,300000000.00,300000000.00
Jan 02 2023,OKB,$27.35,0,300000000.00,300000000.00
Jan 01 2023,OKB,$26.09,0,300000000.00,300000000.00
Jan 01 2023,OKB,$26.09,0,300000000.00,300000000.00
Jan 01 2023,OKB,$26.09,0,300000000.00,300000000.00
Dec 31 2022,OKB,$25.17,0,300000000.00,300000000.00
Dec 31 2022,OKB,$25.17,0,300000000.00,300000000.00
Dec 30 2022,OKB,$24.14,0,300000000.00,300000000.00
Dec 30 2022,OKB,$24.14,0,300000000.00,300000000.00
Dec 29 2022,OKB,$23.70,0,300000000.00,300000000.00
Dec 29 2022,OKB,$23.70,0,300000000.00,300000000.00
Dec 29 2022,OKB,$23.70,0,300000000.00,300000000.00
Dec 28 2022,OKB,$24.01,0,300000000.00,300000000.00
Dec 28 2022,OKB,$24.01,0,300000000.00,300000000.00
Dec 27 2022,OKB,$23.04,0,300000000.00,300000000.00
Dec 27 2022,OKB,$23.04,0,300000000.00,300000000.00
Dec 27 2022,OKB,$23.04,0,300000000.00,300000000.00
Dec 26 2022,OKB,$23.09,0,300000000.00,300000000.00
Dec 26 2022,OKB,$23.09,0,300000000.00,300000000.00
Dec 25 2022,OKB,$21.87,0,300000000.00,300000000.00
Dec 25 2022,OKB,$21.87,0,300000000.00,300000000.00
Dec 24 2022,OKB,$22.12,0,300000000.00,300000000.00
Dec 24 2022,OKB,$22.12,0,300000000.00,300000000.00
Dec 24 2022,OKB,$22.12,0,300000000.00,300000000.00
Dec 23 2022,OKB,$22.05,0,300000000.00,300000000.00
Dec 23 2022,OKB,$22.05,0,300000000.00,300000000.00
Dec 22 2022,OKB,$22.56,0,300000000.00,300000000.00
Dec 22 2022,OKB,$22.56,0,300000000.00,300000000.00
Dec 22 2022,OKB,$22.56,0,300000000.00,300000000.00
Dec 21 2022,OKB,$22.81,0,300000000.00,300000000.00
Dec 21 2022,OKB,$22.81,0,300000000.00,300000000.00
Dec 20 2022,OKB,$21.26,0,300000000.00,300000000.00
Dec 20 2022,OKB,$21.26,0,300000000.00,300000000.00
Dec 20 2022,OKB,$21.26,0,300000000.00,300000000.00
Dec 19 2022,OKB,$21.94,0,300000000.00,300000000.00
Dec 19 2022,OKB,$21.94,0,300000000.00,300000000.00
Dec 18 2022,OKB,$21.71,0,300000000.00,300000000.00
Dec 18 2022,OKB,$21.71,0,300000000.00,300000000.00
Dec 17 2022,OKB,$22.84,0,300000000.00,300000000.00
Dec 17 2022,OKB,$22.84,0,300000000.00,300000000.00
Dec 17 2022,OKB,$22.84,0,300000000.00,300000000.00
Dec 16 2022,OKB,$22.74,0,300000000.00,300000000.00
Dec 16 2022,OKB,$22.74,0,300000000.00,300000000.00
Dec 15 2022,OKB,$22.91,0,300000000.00,300000000.00
Dec 15 2022,OKB,$22.91,0,300000000.00,300000000.00
Dec 15 2022,OKB,$22.91,0,300000000.00,300000000.00
Dec 14 2022,OKB,$22.77,0,300000000.00,300000000.00
Dec 14 2022,OKB,$22.77,0,300000000.00,300000000.00
Dec 13 2022,OKB,$21.20,0,300000000.00,300000000.00
Dec 13 2022,OKB,$21.20,0,300000000.00,300000000.00
Dec 13 2022,OKB,$21.20,0,300000000.00,300000000.00
Dec 12 2022,OKB,$21.22,0,300000000.00,300000000.00
Dec 12 2022,OKB,$21.22,0,300000000.00,300000000.00
Dec 11 2022,OKB,$21.27,0,300000000.00,300000000.00
Dec 11 2022,OKB,$21.27,0,300000000.00,300000000.00
Dec 10 2022,OKB,$21.29,0,300000000.00,300000000.00
Dec 10 2022,OKB,$21.29,0,300000000.00,300000000.00
Dec 10 2022,OKB,$21.29,0,300000000.00,300000000.00
Dec 09 2022,OKB,$20.84,0,300000000.00,300000000.00
Dec 09 2022,OKB,$20.84,0,300000000.00,300000000.00
Dec 08 2022,OKB,$21.00,0,300000000.00,300000000.00
Dec 08 2022,OKB,$21.00,0,300000000.00,300000000.00
Dec 08 2022,OKB,$21.00,0,300000000.00,300000000.00
Dec 07 2022,OKB,$20.92,0,300000000.00,300000000.00
Dec 07 2022,OKB,$20.92,0,300000000.00,300000000.00
Dec 06 2022,OKB,$21.25,0,300000000.00,300000000.00
Dec 06 2022,OKB,$21.25,0,300000000.00,300000000.00
Dec 06 2022,OKB,$21.25,0,300000000.00,300000000.00
Dec 05 2022,OKB,$21.81,0,300000000.00,300000000.00
Dec 05 2022,OKB,$21.81,0,300000000.00,300000000.00
Dec 04 2022,OKB,$21.78,0,300000000.00,300000000.00
Dec 04 2022,OKB,$21.78,0,300000000.00,300000000.00
Dec 03 2022,OKB,$22.22,0,300000000.00,300000000.00
Dec 03 2022,OKB,$22.22,0,300000000.00,300000000.00
Dec 03 2022,OKB,$22.22,0,300000000.00,300000000.00
Dec 02 2022,OKB,$22.12,0,300000000.00,300000000.00
Dec 02 2022,OKB,$22.12,0,300000000.00,300000000.00
Dec 01 2022,OKB,$21.60,0,300000000.00,300000000.00
Dec 01 2022,OKB,$21.60,0,300000000.00,300000000.00
Dec 01 2022,OKB,$21.60,0,300000000.00,300000000.00
Nov 30 2022,OKB,$20.48,0,300000000.00,300000000.00
Nov 30 2022,OKB,$20.48,0,300000000.00,300000000.00
Nov 29 2022,OKB,$20.33,0,300000000.00,300000000.00
Nov 29 2022,OKB,$20.33,0,300000000.00,300000000.00
Nov 29 2022,OKB,$20.33,0,300000000.00,300000000.00
Nov 28 2022,OKB,$20.89,0,300000000.00,300000000.00
Nov 28 2022,OKB,$20.89,0,300000000.00,300000000.00
Nov 27 2022,OKB,$21.02,0,300000000.00,300000000.00
Nov 27 2022,OKB,$21.02,0,300000000.00,300000000.00
Nov 26 2022,OKB,$21.04,0,300000000.00,300000000.00
Nov 26 2022,OKB,$21.04,0,300000000.00,300000000.00
Nov 26 2022,OKB,$21.04,0,300000000.00,300000000.00
Nov 25 2022,OKB,$21.13,0,300000000.00,300000000.00
Nov 25 2022,OKB,$21.13,0,300000000.00,300000000.00
Nov 24 2022,OKB,$21.43,0,300000000.00,300000000.00
Nov 24 2022,OKB,$21.43,0,300000000.00,300000000.00
Nov 24 2022,OKB,$21.43,0,300000000.00,300000000.00
Nov 23 2022,OKB,$20.21,0,300000000.00,300000000.00
Nov 23 2022,OKB,$20.21,0,300000000.00,300000000.00
Nov 22 2022,OKB,$19.87,0,300000000.00,300000000.00
Nov 22 2022,OKB,$19.87,0,300000000.00,300000000.00
Nov 22 2022,OKB,$19.87,0,300000000.00,300000000.00
Nov 21 2022,OKB,$20.03,0,300000000.00,300000000.00
Nov 21 2022,OKB,$20.03,0,300000000.00,300000000.00
Nov 20 2022,OKB,$20.57,0,300000000.00,300000000.00
Nov 20 2022,OKB,$20.57,0,300000000.00,300000000.00
Nov 19 2022,OKB,$19.87,0,300000000.00,300000000.00
Nov 19 2022,OKB,$19.87,0,300000000.00,300000000.00
Nov 19 2022,OKB,$19.87,0,300000000.00,300000000.00
Nov 18 2022,OKB,$18.96,0,300000000.00,300000000.00
Nov 18 2022,OKB,$18.96,0,300000000.00,300000000.00
Nov 17 2022,OKB,$19.32,0,300000000.00,300000000.00
Nov 17 2022,OKB,$19.32,0,300000000.00,300000000.00
Nov 17 2022,OKB,$19.32,0,300000000.00,300000000.00
Nov 16 2022,OKB,$18.70,0,300000000.00,300000000.00
Nov 16 2022,OKB,$18.70,0,300000000.00,300000000.00
Nov 15 2022,OKB,$18.83,0,300000000.00,300000000.00
Nov 15 2022,OKB,$18.83,0,300000000.00,300000000.00
Nov 15 2022,OKB,$18.83,0,300000000.00,300000000.00
Nov 14 2022,OKB,$17.76,0,300000000.00,300000000.00
Nov 14 2022,OKB,$17.76,0,300000000.00,300000000.00
Nov 13 2022,OKB,$18.39,0,300000000.00,300000000.00
Nov 13 2022,OKB,$18.39,0,300000000.00,300000000.00
Nov 12 2022,OKB,$19.25,0,300000000.00,300000000.00
Nov 12 2022,OKB,$19.25,0,300000000.00,300000000.00
Nov 12 2022,OKB,$19.25,0,300000000.00,300000000.00
Nov 11 2022,OKB,$20.19,0,300000000.00,300000000.00
Nov 11 2022,OKB,$20.19,0,300000000.00,300000000.00
Nov 10 2022,OKB,$17.95,0,300000000.00,300000000.00
Nov 10 2022,OKB,$17.95,0,300000000.00,300000000.00
Nov 10 2022,OKB,$17.95,0,300000000.00,300000000.00
Nov 09 2022,OKB,$21.26,0,300000000.00,300000000.00
Nov 09 2022,OKB,$21.26,0,300000000.00,300000000.00
Nov 08 2022,OKB,$22.80,0,300000000.00,300000000.00
Nov 08 2022,OKB,$22.80,0,300000000.00,300000000.00
Nov 07 2022,OKB,$21.85,0,300000000.00,300000000.00
Nov 07 2022,OKB,$21.85,0,300000000.00,300000000.00
Nov 07 2022,OKB,$21.85,0,300000000.00,300000000.00
Nov 06 2022,OKB,$22.15,0,300000000.00,300000000.00
Nov 06 2022,OKB,$22.15,0,300000000.00,300000000.00
Nov 05 2022,OKB,$20.59,0,300000000.00,300000000.00
Nov 05 2022,OKB,$20.59,0,300000000.00,300000000.00
Nov 05 2022,OKB,$20.59,0,300000000.00,300000000.00
Nov 04 2022,OKB,$19.95,0,300000000.00,300000000.00
Nov 04 2022,OKB,$19.95,0,300000000.00,300000000.00
Nov 03 2022,OKB,$16.12,0,300000000.00,300000000.00
Nov 03 2022,OKB,$16.12,0,300000000.00,300000000.00
Nov 03 2022,OKB,$16.12,0,300000000.00,300000000.00
Nov 02 2022,OKB,$16.43,0,300000000.00,300000000.00
Nov 02 2022,OKB,$16.43,0,300000000.00,300000000.00
Nov 01 2022,OKB,$17.18,0,300000000.00,300000000.00
Nov 01 2022,OKB,$17.18,0,300000000.00,300000000.00
Oct 31 2022,OKB,$16.16,0,300000000.00,300000000.00
Oct 31 2022,OKB,$16.16,0,300000000.00,300000000.00
Oct 31 2022,OKB,$16.16,0,300000000.00,300000000.00
Oct 30 2022,OKB,$16.19,0,300000000.00,300000000.00
Oct 30 2022,OKB,$16.19,0,300000000.00,300000000.00
Oct 29 2022,OKB,$16.08,0,300000000.00,300000000.00
Oct 29 2022,OKB,$16.08,0,300000000.00,300000000.00
Oct 29 2022,OKB,$16.08,0,300000000.00,300000000.00
Oct 28 2022,OKB,$15.65,0,300000000.00,300000000.00
Oct 28 2022,OKB,$15.65,0,300000000.00,300000000.00
Oct 27 2022,OKB,$16.15,0,300000000.00,300000000.00
Oct 27 2022,OKB,$16.15,0,300000000.00,300000000.00
Oct 27 2022,OKB,$16.15,0,300000000.00,300000000.00
Oct 26 2022,OKB,$16.08,0,300000000.00,300000000.00
Oct 26 2022,OKB,$16.08,0,300000000.00,300000000.00
Oct 25 2022,OKB,$15.76,0,300000000.00,300000000.00
Oct 25 2022,OKB,$15.76,0,300000000.00,300000000.00
Oct 24 2022,OKB,$15.95,0,300000000.00,300000000.00
Oct 24 2022,OKB,$15.95,0,300000000.00,300000000.00
Oct 24 2022,OKB,$15.95,0,300000000.00,300000000.00
Oct 23 2022,OKB,$15.62,0,300000000.00,300000000.00
Oct 23 2022,OKB,$15.62,0,300000000.00,300000000.00
Oct 22 2022,OKB,$15.46,0,300000000.00,300000000.00
Oct 22 2022,OKB,$15.46,0,300000000.00,300000000.00
Oct 22 2022,OKB,$15.46,0,300000000.00,300000000.00
Oct 21 2022,OKB,$15.62,0,300000000.00,300000000.00
Oct 21 2022,OKB,$15.62,0,300000000.00,300000000.00
Oct 20 2022,OKB,$16.10,0,300000000.00,300000000.00
Oct 20 2022,OKB,$16.10,0,300000000.00,300000000.00
Oct 20 2022,OKB,$16.10,0,300000000.00,300000000.00
Oct 19 2022,OKB,$16.71,0,300000000.00,300000000.00
Oct 19 2022,OKB,$16.71,0,300000000.00,300000000.00
Oct 18 2022,OKB,$16.96,0,300000000.00,300000000.00
Oct 18 2022,OKB,$16.96,0,300000000.00,300000000.00
Oct 17 2022,OKB,$16.75,0,300000000.00,300000000.00
Oct 17 2022,OKB,$16.75,0,300000000.00,300000000.00
Oct 17 2022,OKB,$16.75,0,300000000.00,300000000.00
Oct 16 2022,OKB,$16.65,0,300000000.00,300000000.00
Oct 16 2022,OKB,$16.65,0,300000000.00,300000000.00
Oct 15 2022,OKB,$16.74,0,300000000.00,300000000.00
Oct 15 2022,OKB,$16.74,0,300000000.00,300000000.00
Oct 15 2022,OKB,$16.74,0,300000000.00,300000000.00
Oct 14 2022,OKB,$16.54,0,300000000.00,300000000.00
Oct 14 2022,OKB,$16.54,0,300000000.00,300000000.00
Oct 13 2022,OKB,$16.44,0,300000000.00,300000000.00
Oct 13 2022,OKB,$16.44,0,300000000.00,300000000.00
Oct 13 2022,OKB,$16.44,0,300000000.00,300000000.00
Oct 12 2022,OKB,$15.53,0,300000000.00,300000000.00
Oct 12 2022,OKB,$15.53,0,300000000.00,300000000.00
Oct 11 2022,OKB,$15.73,0,300000000.00,300000000.00
Oct 11 2022,OKB,$15.73,0,300000000.00,300000000.00
Oct 10 2022,OKB,$15.59,0,300000000.00,300000000.00
Oct 10 2022,OKB,$15.59,0,300000000.00,300000000.00
Oct 10 2022,OKB,$15.59,0,300000000.00,300000000.00
Oct 09 2022,OKB,$15.70,0,300000000.00,300000000.00
Oct 09 2022,OKB,$15.70,0,300000000.00,300000000.00
Oct 08 2022,OKB,$15.60,0,300000000.00,300000000.00
Oct 08 2022,OKB,$15.60,0,300000000.00,300000000.00
Oct 08 2022,OKB,$15.60,0,300000000.00,300000000.00
Oct 07 2022,OKB,$15.56,0,300000000.00,300000000.00
Oct 07 2022,OKB,$15.56,0,300000000.00,300000000.00
Oct 06 2022,OKB,$15.50,0,300000000.00,300000000.00
Oct 06 2022,OKB,$15.50,0,300000000.00,300000000.00
Oct 06 2022,OKB,$15.50,0,300000000.00,300000000.00
Oct 05 2022,OKB,$15.71,0,300000000.00,300000000.00
Oct 05 2022,OKB,$15.71,0,300000000.00,300000000.00
Oct 04 2022,OKB,$15.46,0,300000000.00,300000000.00
Oct 04 2022,OKB,$15.46,0,300000000.00,300000000.00
Oct 03 2022,OKB,$15.57,0,300000000.00,300000000.00
Oct 03 2022,OKB,$15.57,0,300000000.00,300000000.00
Oct 03 2022,OKB,$15.57,0,300000000.00,300000000.00
Oct 02 2022,OKB,$15.97,0,300000000.00,300000000.00
Oct 02 2022,OKB,$15.97,0,300000000.00,300000000.00
Oct 01 2022,OKB,$16.08,0,300000000.00,300000000.00
Oct 01 2022,OKB,$16.08,0,300000000.00,300000000.00
Oct 01 2022,OKB,$16.08,0,300000000.00,300000000.00
Sep 30 2022,OKB,$15.78,0,300000000.00,300000000.00
Sep 30 2022,OKB,$15.78,0,300000000.00,300000000.00
Sep 29 2022,OKB,$15.48,0,300000000.00,300000000.00
Sep 29 2022,OKB,$15.48,0,300000000.00,300000000.00
Sep 29 2022,OKB,$15.48,0,300000000.00,300000000.00
Sep 28 2022,OKB,$15.34,0,300000000.00,300000000.00
Sep 28 2022,OKB,$15.34,0,300000000.00,300000000.00
Sep 27 2022,OKB,$15.35,0,300000000.00,300000000.00
Sep 27 2022,OKB,$15.35,0,300000000.00,300000000.00
Sep 26 2022,OKB,$14.91,0,300000000.00,300000000.00
Sep 26 2022,OKB,$14.91,0,300000000.00,300000000.00
Sep 26 2022,OKB,$14.91,0,300000000.00,300000000.00
Sep 25 2022,OKB,$15.19,0,300000000.00,300000000.00
Sep 25 2022,OKB,$15.19,0,300000000.00,300000000.00
Sep 24 2022,OKB,$14.87,0,300000000.00,300000000.00
Sep 24 2022,OKB,$14.87,0,300000000.00,300000000.00
Sep 24 2022,OKB,$14.87,0,300000000.00,300000000.00
Sep 23 2022,OKB,$15.07,0,300000000.00,300000000.00
Sep 23 2022,OKB,$15.07,0,300000000.00,300000000.00
Sep 22 2022,OKB,$14.59,0,300000000.00,300000000.00
Sep 22 2022,OKB,$14.59,0,300000000.00,300000000.00
Sep 21 2022,OKB,$14.96,0,300000000.00,300000000.00
Sep 21 2022,OKB,$14.96,0,300000000.00,300000000.00
Sep 21 2022,OKB,$14.96,0,300000000.00,300000000.00
Sep 20 2022,OKB,$15.11,0,300000000.00,300000000.00
Sep 20 2022,OKB,$15.11,0,300000000.00,300000000.00
Sep 19 2022,OKB,$15.13,0,300000000.00,300000000.00
Sep 19 2022,OKB,$15.13,0,300000000.00,300000000.00
Sep 19 2022,OKB,$15.13,0,300000000.00,300000000.00
Sep 18 2022,OKB,$15.74,0,300000000.00,300000000.00
Sep 18 2022,OKB,$15.74,0,300000000.00,300000000.00
Sep 17 2022,OKB,$15.47,0,300000000.00,300000000.00
Sep 17 2022,OKB,$15.47,0,300000000.00,300000000.00
Sep 17 2022,OKB,$15.47,0,300000000.00,300000000.00
Sep 16 2022,OKB,$15.17,0,300000000.00,300000000.00
Sep 16 2022,OKB,$15.17,0,300000000.00,300000000.00
Sep 15 2022,OKB,$15.51,0,300000000.00,300000000.00
Sep 15 2022,OKB,$15.51,0,300000000.00,300000000.00
Sep 14 2022,OKB,$15.29,0,300000000.00,300000000.00
Sep 14 2022,OKB,$15.29,0,300000000.00,300000000.00
Sep 14 2022,OKB,$15.29,0,300000000.00,300000000.00
Sep 13 2022,OKB,$16.19,0,300000000.00,300000000.00
Sep 13 2022,OKB,$16.19,0,300000000.00,300000000.00
Sep 12 2022,OKB,$16.25,0,300000000.00,300000000.00
Sep 12 2022,OKB,$16.25,0,300000000.00,300000000.00
Sep 12 2022,OKB,$16.25,0,300000000.00,300000000.00
Sep 11 2022,OKB,$16.47,0,300000000.00,300000000.00
Sep 11 2022,OKB,$16.47,0,300000000.00,300000000.00
Sep 10 2022,OKB,$16.49,0,300000000.00,300000000.00
Sep 10 2022,OKB,$16.49,0,300000000.00,300000000.00
Sep 10 2022,OKB,$16.49,0,300000000.00,300000000.00
Sep 09 2022,OKB,$16.63,0,300000000.00,300000000.00
Sep 09 2022,OKB,$16.63,0,300000000.00,300000000.00
Sep 08 2022,OKB,$14.10,0,300000000.00,300000000.00
Sep 08 2022,OKB,$14.10,0,300000000.00,300000000.00
Sep 07 2022,OKB,$14.26,0,300000000.00,300000000.00
Sep 07 2022,OKB,$14.26,0,300000000.00,300000000.00
Sep 07 2022,OKB,$14.26,0,300000000.00,300000000.00
Sep 06 2022,OKB,$15.36,0,300000000.00,300000000.00
Sep 06 2022,OKB,$15.36,0,300000000.00,300000000.00
Sep 05 2022,OKB,$15.50,0,300000000.00,300000000.00
Sep 05 2022,OKB,$15.50,0,300000000.00,300000000.00
Sep 05 2022,OKB,$15.50,0,300000000.00,300000000.00
Sep 04 2022,OKB,$15.19,0,300000000.00,300000000.00
Sep 04 2022,OKB,$15.19,0,300000000.00,300000000.00
Sep 03 2022,OKB,$15.54,0,300000000.00,300000000.00
Sep 03 2022,OKB,$15.54,0,300000000.00,300000000.00
Sep 03 2022,OKB,$15.54,0,300000000.00,300000000.00
Sep 02 2022,OKB,$15.49,0,300000000.00,300000000.00
Sep 02 2022,OKB,$15.49,0,300000000.00,300000000.00
Sep 01 2022,OKB,$15.26,0,300000000.00,300000000.00
Sep 01 2022,OKB,$15.26,0,300000000.00,300000000.00
Aug 31 2022,OKB,$15.24,0,300000000.00,300000000.00
Aug 31 2022,OKB,$15.24,0,300000000.00,300000000.00
Aug 31 2022,OKB,$15.24,0,300000000.00,300000000.00
Aug 30 2022,OKB,$16.35,0,300000000.00,300000000.00
Aug 30 2022,OKB,$16.35,0,300000000.00,300000000.00
Aug 29 2022,OKB,$15.54,0,300000000.00,300000000.00
Aug 29 2022,OKB,$15.54,0,300000000.00,300000000.00
Aug 29 2022,OKB,$15.54,0,300000000.00,300000000.00
Aug 28 2022,OKB,$16.13,0,300000000.00,300000000.00
Aug 28 2022,OKB,$16.13,0,300000000.00,300000000.00
Aug 27 2022,OKB,$16.12,0,300000000.00,300000000.00
Aug 27 2022,OKB,$16.12,0,300000000.00,300000000.00
Aug 27 2022,OKB,$16.12,0,300000000.00,300000000.00
Aug 26 2022,OKB,$17.76,0,300000000.00,300000000.00
Aug 26 2022,OKB,$17.76,0,300000000.00,300000000.00
Aug 25 2022,OKB,$17.43,0,300000000.00,300000000.00
Aug 25 2022,OKB,$17.43,0,300000000.00,300000000.00
Aug 25 2022,OKB,$17.43,0,300000000.00,300000000.00
Sep 07 2022,OKB,$14.26,0,300000000.00,300000000.00
Sep 07 2022,OKB,$14.26,0,300000000.00,300000000.00
Sep 06 2022,OKB,$15.36,0,300000000.00,300000000.00
Sep 06 2022,OKB,$15.36,0,300000000.00,300000000.00
Sep 05 2022,OKB,$15.50,0,300000000.00,300000000.00
Sep 05 2022,OKB,$15.50,0,300000000.00,300000000.00
Sep 05 2022,OKB,$15.50,0,300000000.00,300000000.00
Sep 04 2022,OKB,$15.19,0,300000000.00,300000000.00
Sep 04 2022,OKB,$15.19,0,300000000.00,300000000.00
Sep 03 2022,OKB,$15.54,0,300000000.00,300000000.00
Sep 03 2022,OKB,$15.54,0,300000000.00,300000000.00
Sep 03 2022,OKB,$15.54,0,300000000.00,300000000.00
Sep 02 2022,OKB,$15.49,0,300000000.00,300000000.00
Sep 02 2022,OKB,$15.49,0,300000000.00,300000000.00
Sep 01 2022,OKB,$15.26,0,300000000.00,300000000.00
Sep 01 2022,OKB,$15.26,0,300000000.00,300000000.00
Aug 31 2022,OKB,$15.24,0,300000000.00,300000000.00
Aug 31 2022,OKB,$15.24,0,300000000.00,300000000.00
Aug 31 2022,OKB,$15.24,0,300000000.00,300000000.00
Aug 30 2022,OKB,$16.35,0,300000000.00,300000000.00
Aug 30 2022,OKB,$16.35,0,300000000.00,300000000.00
Aug 29 2022,OKB,$15.54,0,300000000.00,300000000.00
Aug 29 2022,OKB,$15.54,0,300000000.00,300000000.00
Aug 29 2022,OKB,$15.54,0,300000000.00,300000000.00
Aug 28 2022,OKB,$16.13,0,300000000.00,300000000.00
Aug 28 2022,OKB,$16.13,0,300000000.00,300000000.00
Aug 27 2022,OKB,$16.12,0,300000000.00,300000000.00
Aug 27 2022,OKB,$16.12,0,300000000.00,300000000.00
Aug 26 2022,OKB,$17.76,0,300000000.00,300000000.00
Aug 26 2022,OKB,$17.76,0,300000000.00,300000000.00
Aug 26 2022,OKB,$17.76,0,300000000.00,300000000.00
Aug 25 2022,OKB,$17.43,0,300000000.00,300000000.00
Aug 25 2022,OKB,$17.43,0,300000000.00,300000000.00
Aug 24 2022,OKB,$17.55,0,300000000.00,300000000.00
Aug 24 2022,OKB,$17.55,0,300000000.00,300000000.00
Aug 24 2022,OKB,$17.55,0,300000000.00,300000000.00
Aug 23 2022,OKB,$17.60,0,300000000.00,300000000.00
Aug 23 2022,OKB,$17.60,0,300000000.00,300000000.00
Aug 22 2022,OKB,$17.87,0,300000000.00,300000000.00
Aug 22 2022,OKB,$17.87,0,300000000.00,300000000.00
Aug 22 2022,OKB,$17.87,0,300000000.00,300000000.00
Aug 21 2022,OKB,$17.26,0,300000000.00,300000000.00
Aug 21 2022,OKB,$17.26,0,300000000.00,300000000.00
Aug 20 2022,OKB,$18.18,0,300000000.00,300000000.00
Aug 20 2022,OKB,$18.18,0,300000000.00,300000000.00
Aug 19 2022,OKB,$20.62,0,300000000.00,300000000.00
Aug 19 2022,OKB,$20.62,0,300000000.00,300000000.00
Aug 19 2022,OKB,$20.62,0,300000000.00,300000000.00
Aug 18 2022,OKB,$20.73,0,300000000.00,300000000.00
Aug 18 2022,OKB,$20.73,0,300000000.00,300000000.00
Aug 17 2022,OKB,$21.05,0,300000000.00,300000000.00
Aug 17 2022,OKB,$21.05,0,300000000.00,300000000.00
Aug 17 2022,OKB,$21.05,0,300000000.00,300000000.00
Aug 16 2022,OKB,$21.67,0,300000000.00,300000000.00
Aug 16 2022,OKB,$21.67,0,300000000.00,300000000.00
Aug 15 2022,OKB,$21.58,0,300000000.00,300000000.00
Aug 15 2022,OKB,$21.58,0,300000000.00,300000000.00
Aug 15 2022,OKB,$21.58,0,300000000.00,300000000.00
Aug 14 2022,OKB,$21.86,0,300000000.00,300000000.00
Aug 14 2022,OKB,$21.86,0,300000000.00,300000000.00
Aug 13 2022,OKB,$21.01,0,300000000.00,300000000.00
Aug 13 2022,OKB,$21.01,0,300000000.00,300000000.00
Aug 12 2022,OKB,$18.67,0,300000000.00,300000000.00
Aug 12 2022,OKB,$18.67,0,300000000.00,300000000.00
Aug 12 2022,OKB,$18.67,0,300000000.00,300000000.00
Aug 11 2022,OKB,$19.00,0,300000000.00,300000000.00
Aug 11 2022,OKB,$19.00,0,300000000.00,300000000.00
Aug 10 2022,OKB,$18.23,0,300000000.00,300000000.00
Aug 10 2022,OKB,$18.23,0,300000000.00,300000000.00
Aug 10 2022,OKB,$18.23,0,300000000.00,300000000.00
Aug 09 2022,OKB,$18.48,0,300000000.00,300000000.00
Aug 09 2022,OKB,$18.48,0,300000000.00,300000000.00
Aug 08 2022,OKB,$18.24,0,300000000.00,300000000.00
Aug 08 2022,OKB,$18.24,0,300000000.00,300000000.00
Aug 08 2022,OKB,$18.24,0,300000000.00,300000000.00
Aug 07 2022,OKB,$18.36,0,300000000.00,300000000.00
Aug 07 2022,OKB,$18.36,0,300000000.00,300000000.00
Aug 06 2022,OKB,$18.24,0,300000000.00,300000000.00
Aug 06 2022,OKB,$18.24,0,300000000.00,300000000.00
Aug 05 2022,OKB,$17.92,0,300000000.00,300000000.00
Aug 05 2022,OKB,$17.92,0,300000000.00,300000000.00
Aug 05 2022,OKB,$17.92,0,300000000.00,300000000.00
Aug 04 2022,OKB,$18.07,0,300000000.00,300000000.00
Aug 04 2022,OKB,$18.07,0,300000000.00,300000000.00
Aug 03 2022,OKB,$18.19,0,300000000.00,300000000.00
Aug 03 2022,OKB,$18.19,0,300000000.00,300000000.00
Aug 03 2022,OKB,$18.19,0,300000000.00,300000000.00
Aug 02 2022,OKB,$18.06,0,300000000.00,300000000.00
Aug 02 2022,OKB,$18.06,0,300000000.00,300000000.00
Aug 01 2022,OKB,$18.27,0,300000000.00,300000000.00
Aug 01 2022,OKB,$18.27,0,300000000.00,300000000.00
Aug 01 2022,OKB,$18.27,0,300000000.00,300000000.00
Jul 31 2022,OKB,$18.25,0,300000000.00,300000000.00
Jul 31 2022,OKB,$18.25,0,300000000.00,300000000.00
Jul 30 2022,OKB,$18.33,0,300000000.00,300000000.00
Jul 30 2022,OKB,$18.33,0,300000000.00,300000000.00
Jul 29 2022,OKB,$16.85,0,300000000.00,300000000.00
Jul 29 2022,OKB,$16.85,0,300000000.00,300000000.00
Jul 29 2022,OKB,$16.85,0,300000000.00,300000000.00
Jul 28 2022,OKB,$15.92,0,300000000.00,300000000.00
Jul 28 2022,OKB,$15.92,0,300000000.00,300000000.00
Jul 27 2022,OKB,$15.45,0,300000000.00,300000000.00
Jul 27 2022,OKB,$15.45,0,300000000.00,300000000.00
Jul 27 2022,OKB,$15.45,0,300000000.00,300000000.00
Jul 26 2022,OKB,$14.57,0,300000000.00,300000000.00
Jul 26 2022,OKB,$14.57,0,300000000.00,300000000.00
Jul 25 2022,OKB,$15.09,0,300000000.00,300000000.00
Jul 25 2022,OKB,$15.09,0,300000000.00,300000000.00
Jul 25 2022,OKB,$15.09,0,300000000.00,300000000.00
Jul 24 2022,OKB,$15.19,0,300000000.00,300000000.00
Jul 24 2022,OKB,$15.19,0,300000000.00,300000000.00
Jul 23 2022,OKB,$14.96,0,300000000.00,300000000.00
Jul 23 2022,OKB,$14.96,0,300000000.00,300000000.00
Jul 22 2022,OKB,$14.85,0,300000000.00,300000000.00
Jul 22 2022,OKB,$14.85,0,300000000.00,300000000.00
Jul 22 2022,OKB,$14.85,0,300000000.00,300000000.00
Jul 21 2022,OKB,$14.32,0,300000000.00,300000000.00
Jul 21 2022,OKB,$14.32,0,300000000.00,300000000.00
Jul 20 2022,OKB,$15.11,0,300000000.00,300000000.00
Jul 20 2022,OKB,$15.11,0,300000000.00,300000000.00
Jul 20 2022,OKB,$15.11,0,300000000.00,300000000.00
Jul 19 2022,OKB,$14.84,0,300000000.00,300000000.00
Jul 19 2022,OKB,$14.84,0,300000000.00,300000000.00
Jul 18 2022,OKB,$13.20,0,300000000.00,300000000.00
Jul 18 2022,OKB,$13.20,0,300000000.00,300000000.00
Jul 17 2022,OKB,$12.92,0,300000000.00,300000000.00
Jul 17 2022,OKB,$12.92,0,300000000.00,300000000.00
Jul 17 2022,OKB,$12.92,0,300000000.00,300000000.00
Jul 16 2022,OKB,$12.63,0,300000000.00,300000000.00
Jul 16 2022,OKB,$12.63,0,300000000.00,300000000.00
Jul 15 2022,OKB,$12.68,0,300000000.00,300000000.00
Jul 15 2022,OKB,$12.68,0,300000000.00,300000000.00
Jul 15 2022,OKB,$12.68,0,300000000.00,300000000.00
Jul 14 2022,OKB,$12.64,0,300000000.00,300000000.00
Jul 14 2022,OKB,$12.64,0,300000000.00,300000000.00
Jul 13 2022,OKB,$11.80,0,300000000.00,300000000.00
Jul 13 2022,OKB,$11.80,0,300000000.00,300000000.00
Jul 13 2022,OKB,$11.80,0,300000000.00,300000000.00
Jul 12 2022,OKB,$12.15,0,300000000.00,300000000.00
Jul 12 2022,OKB,$12.15,0,300000000.00,300000000.00
Jul 11 2022,OKB,$12.61,0,300000000.00,300000000.00
Jul 11 2022,OKB,$12.61,0,300000000.00,300000000.00
Jul 10 2022,OKB,$12.92,0,300000000.00,300000000.00
Jul 10 2022,OKB,$12.92,0,300000000.00,300000000.00
Jul 10 2022,OKB,$12.92,0,300000000.00,300000000.00
Jul 09 2022,OKB,$13.09,0,300000000.00,300000000.00
Jul 09 2022,OKB,$13.09,0,300000000.00,300000000.00
Jul 08 2022,OKB,$12.97,0,300000000.00,300000000.00
Jul 08 2022,OKB,$12.97,0,300000000.00,300000000.00
Jul 08 2022,OKB,$12.97,0,300000000.00,300000000.00
Jul 07 2022,OKB,$12.72,0,300000000.00,300000000.00
Jul 07 2022,OKB,$12.72,0,300000000.00,300000000.00
Jul 06 2022,OKB,$12.46,0,300000000.00,300000000.00
Jul 06 2022,OKB,$12.46,0,300000000.00,300000000.00
Jul 06 2022,OKB,$12.46,0,300000000.00,300000000.00
Jul 05 2022,OKB,$12.76,0,300000000.00,300000000.00
Jul 05 2022,OKB,$12.76,0,300000000.00,300000000.00
Jul 04 2022,OKB,$12.34,0,300000000.00,300000000.00
Jul 04 2022,OKB,$12.34,0,300000000.00,300000000.00
Jul 03 2022,OKB,$12.07,0,300000000.00,300000000.00
Jul 03 2022,OKB,$12.07,0,300000000.00,300000000.00
Jul 03 2022,OKB,$12.07,0,300000000.00,300000000.00
Jul 02 2022,OKB,$12.16,0,300000000.00,300000000.00
Jul 02 2022,OKB,$12.16,0,300000000.00,300000000.00
Jul 01 2022,OKB,$12.11,0,300000000.00,300000000.00
Jul 01 2022,OKB,$12.11,0,300000000.00,300000000.00
Jul 01 2022,OKB,$12.11,0,300000000.00,300000000.00
Jun 30 2022,OKB,$12.24,0,300000000.00,300000000.00
Jun 30 2022,OKB,$12.24,0,300000000.00,300000000.00
Jun 29 2022,OKB,$11.70,0,300000000.00,300000000.00
Jun 29 2022,OKB,$11.70,0,300000000.00,300000000.00
Jun 29 2022,OKB,$11.70,0,300000000.00,300000000.00
Jun 28 2022,OKB,$12.32,0,300000000.00,300000000.00
Jun 28 2022,OKB,$12.32,0,300000000.00,300000000.00
Jun 27 2022,OKB,$12.49,0,300000000.00,300000000.00
Jun 27 2022,OKB,$12.49,0,300000000.00,300000000.00
Jun 26 2022,OKB,$13.43,0,300000000.00,300000000.00
Jun 26 2022,OKB,$13.43,0,300000000.00,300000000.00
Jun 26 2022,OKB,$13.43,0,300000000.00,300000000.00
Jun 25 2022,OKB,$12.63,0,300000000.00,300000000.00
Jun 25 2022,OKB,$12.63,0,300000000.00,300000000.00
Jun 24 2022,OKB,$11.53,0,300000000.00,300000000.00
Jun 24 2022,OKB,$11.53,0,300000000.00,300000000.00
Jun 24 2022,OKB,$11.53,0,300000000.00,300000000.00
Jun 23 2022,OKB,$11.21,0,300000000.00,300000000.00
Jun 23 2022,OKB,$11.21,0,300000000.00,300000000.00
Jun 22 2022,OKB,$11.12,0,300000000.00,300000000.00
Jun 22 2022,OKB,$11.12,0,300000000.00,300000000.00
Jun 22 2022,OKB,$11.12,0,300000000.00,300000000.00
Jun 21 2022,OKB,$11.11,0,300000000.00,300000000.00
Jun 21 2022,OKB,$11.11,0,300000000.00,300000000.00
Jun 20 2022,OKB,$10.63,0,300000000.00,300000000.00
Jun 20 2022,OKB,$10.63,0,300000000.00,300000000.00
Jun 19 2022,OKB,$10.24,0,300000000.00,300000000.00
Jun 19 2022,OKB,$10.24,0,300000000.00,300000000.00
Jun 19 2022,OKB,$10.24,0,300000000.00,300000000.00
Jun 18 2022,OKB,$11.19,0,300000000.00,300000000.00
Jun 18 2022,OKB,$11.19,0,300000000.00,300000000.00
Jun 17 2022,OKB,$11.09,0,300000000.00,300000000.00
Jun 17 2022,OKB,$11.09,0,300000000.00,300000000.00
Jun 17 2022,OKB,$11.09,0,300000000.00,300000000.00
Jun 16 2022,OKB,$11.66,0,300000000.00,300000000.00
Jun 16 2022,OKB,$11.66,0,300000000.00,300000000.00
Jun 15 2022,OKB,$11.24,0,300000000.00,300000000.00
Jun 15 2022,OKB,$11.24,0,300000000.00,300000000.00
Jun 15 2022,OKB,$11.24,0,300000000.00,300000000.00
Jun 14 2022,OKB,$10.92,0,300000000.00,300000000.00
Jun 14 2022,OKB,$10.92,0,300000000.00,300000000.00
Jun 13 2022,OKB,$11.25,0,300000000.00,300000000.00
Jun 13 2022,OKB,$11.25,0,300000000.00,300000000.00
Jun 12 2022,OKB,$11.54,0,300000000.00,300000000.00
Jun 12 2022,OKB,$11.54,0,300000000.00,300000000.00
Jun 12 2022,OKB,$11.54,0,300000000.00,300000000.00
Jun 11 2022,OKB,$11.01,0,300000000.00,300000000.00
Jun 11 2022,OKB,$11.01,0,300000000.00,300000000.00
Jun 10 2022,OKB,$11.30,0,300000000.00,300000000.00
Jun 10 2022,OKB,$11.30,0,300000000.00,300000000.00
Jun 10 2022,OKB,$11.30,0,300000000.00,300000000.00
Jun 09 2022,OKB,$11.39,0,300000000.00,300000000.00
Jun 09 2022,OKB,$11.39,0,300000000.00,300000000.00
Jun 08 2022,OKB,$11.39,0,300000000.00,300000000.00
Jun 08 2022,OKB,$11.39,0,300000000.00,300000000.00
Jun 08 2022,OKB,$11.39,0,300000000.00,300000000.00
Jun 07 2022,OKB,$11.65,0,300000000.00,300000000.00
Jun 07 2022,OKB,$11.65,0,300000000.00,300000000.00
Jun 06 2022,OKB,$11.52,0,300000000.00,300000000.00
Jun 06 2022,OKB,$11.52,0,300000000.00,300000000.00
Jun 05 2022,OKB,$11.51,0,300000000.00,300000000.00
Jun 05 2022,OKB,$11.51,0,300000000.00,300000000.00
Jun 05 2022,OKB,$11.51,0,300000000.00,300000000.00
Jun 04 2022,OKB,$11.37,0,300000000.00,300000000.00
Jun 04 2022,OKB,$11.37,0,300000000.00,300000000.00
Jun 03 2022,OKB,$11.72,0,300000000.00,300000000.00
Jun 03 2022,OKB,$11.72,0,300000000.00,300000000.00
Jun 03 2022,OKB,$11.72,0,300000000.00,300000000.00
Jun 02 2022,OKB,$11.52,0,300000000.00,300000000.00
Jun 02 2022,OKB,$11.52,0,300000000.00,300000000.00
Jun 01 2022,OKB,$12.24,0,300000000.00,300000000.00
Jun 01 2022,OKB,$12.24,0,300000000.00,300000000.00
May 31 2022,OKB,$12.44,0,300000000.00,300000000.00
May 31 2022,OKB,$12.44,0,300000000.00,300000000.00
May 31 2022,OKB,$12.44,0,300000000.00,300000000.00
May 30 2022,OKB,$11.70,0,300000000.00,300000000.00
May 30 2022,OKB,$11.70,0,300000000.00,300000000.00
May 29 2022,OKB,$11.53,0,300000000.00,300000000.00
May 29 2022,OKB,$11.53,0,300000000.00,300000000.00
May 29 2022,OKB,$11.53,0,300000000.00,300000000.00
May 28 2022,OKB,$11.24,0,300000000.00,300000000.00
May 28 2022,OKB,$11.24,0,300000000.00,300000000.00
May 27 2022,OKB,$12.10,0,300000000.00,300000000.00
May 27 2022,OKB,$12.10,0,300000000.00,300000000.00
May 27 2022,OKB,$12.10,0,300000000.00,300000000.00
May 26 2022,OKB,$12.66,0,300000000.00,300000000.00
May 26 2022,OKB,$12.66,0,300000000.00,300000000.00
May 25 2022,OKB,$12.77,0,300000000.00,300000000.00
May 25 2022,OKB,$12.77,0,300000000.00,300000000.00
May 24 2022,OKB,$12.59,0,300000000.00,300000000.00
May 24 2022,OKB,$12.59,0,300000000.00,300000000.00
May 24 2022,OKB,$12.59,0,300000000.00,300000000.00
May 23 2022,OKB,$12.53,0,300000000.00,300000000.00
May 23 2022,OKB,$12.53,0,300000000.00,300000000.00
May 22 2022,OKB,$12.25,0,300000000.00,300000000.00
May 22 2022,OKB,$12.25,0,300000000.00,300000000.00
May 22 2022,OKB,$12.25,0,300000000.00,300000000.00
May 21 2022,OKB,$12.10,0,300000000.00,300000000.00
May 21 2022,OKB,$12.10,0,300000000.00,300000000.00
May 20 2022,OKB,$12.49,0,300000000.00,300000000.00
May 20 2022,OKB,$12.49,0,300000000.00,300000000.00
May 20 2022,OKB,$12.49,0,300000000.00,300000000.00
May 19 2022,OKB,$12.09,0,300000000.00,300000000.00
May 19 2022,OKB,$12.09,0,300000000.00,300000000.00
May 18 2022,OKB,$12.90,0,300000000.00,300000000.00
May 18 2022,OKB,$12.90,0,300000000.00,300000000.00
May 17 2022,OKB,$12.35,0,300000000.00,300000000.00
May 17 2022,OKB,$12.35,0,300000000.00,300000000.00
May 17 2022,OKB,$12.35,0,300000000.00,300000000.00
May 16 2022,OKB,$12.98,0,300000000.00,300000000.00
May 16 2022,OKB,$12.98,0,300000000.00,300000000.00
May 15 2022,OKB,$12.70,0,300000000.00,300000000.00
May 15 2022,OKB,$12.70,0,300000000.00,300000000.00
May 15 2022,OKB,$12.70,0,300000000.00,300000000.00
May 14 2022,OKB,$12.38,0,300000000.00,300000000.00
May 14 2022,OKB,$12.38,0,300000000.00,300000000.00
May 13 2022,OKB,$12.01,0,300000000.00,300000000.00
May 13 2022,OKB,$12.01,0,300000000.00,300000000.00
May 13 2022,OKB,$12.01,0,300000000.00,300000000.00
May 12 2022,OKB,$11.09,0,300000000.00,300000000.00
May 12 2022,OKB,$11.09,0,300000000.00,300000000.00
May 11 2022,OKB,$14.63,0,300000000.00,300000000.00
May 11 2022,OKB,$14.63,0,300000000.00,300000000.00
May 10 2022,OKB,$13.85,0,300000000.00,300000000.00
May 10 2022,OKB,$13.85,0,300000000.00,300000000.00
May 10 2022,OKB,$13.85,0,300000000.00,300000000.00
May 09 2022,OKB,$15.92,0,300000000.00,300000000.00
May 09 2022,OKB,$15.92,0,300000000.00,300000000.00
May 08 2022,OKB,$17.24,0,300000000.00,300000000.00
May 08 2022,OKB,$17.24,0,300000000.00,300000000.00
May 08 2022,OKB,$17.24,0,300000000.00,300000000.00
May 07 2022,OKB,$17.58,0,300000000.00,300000000.00
May 07 2022,OKB,$17.58,0,300000000.00,300000000.00
May 06 2022,OKB,$18.12,0,300000000.00,300000000.00
May 06 2022,OKB,$18.12,0,300000000.00,300000000.00
May 06 2022,OKB,$18.12,0,300000000.00,300000000.00
May 05 2022,OKB,$19.06,0,300000000.00,300000000.00
May 05 2022,OKB,$19.06,0,300000000.00,300000000.00
May 04 2022,OKB,$18.30,0,300000000.00,300000000.00
May 04 2022,OKB,$18.30,0,300000000.00,300000000.00
May 03 2022,OKB,$18.87,0,300000000.00,300000000.00
May 03 2022,OKB,$18.87,0,300000000.00,300000000.00
May 03 2022,OKB,$18.87,0,300000000.00,300000000.00
May 02 2022,OKB,$18.23,0,300000000.00,300000000.00
May 02 2022,OKB,$18.23,0,300000000.00,300000000.00
May 01 2022,OKB,$17.81,0,300000000.00,300000000.00
May 01 2022,OKB,$17.81,0,300000000.00,300000000.00
May 01 2022,OKB,$17.81,0,300000000.00,300000000.00
Apr 30 2022,OKB,$18.59,0,300000000.00,300000000.00
Apr 30 2022,OKB,$18.59,0,300000000.00,300000000.00
Apr 29 2022,OKB,$19.12,0,300000000.00,300000000.00
Apr 29 2022,OKB,$19.12,0,300000000.00,300000000.00
Apr 29 2022,OKB,$19.12,0,300000000.00,300000000.00
Apr 28 2022,OKB,$19.69,0,300000000.00,300000000.00
Apr 28 2022,OKB,$19.69,0,300000000.00,300000000.00
Apr 27 2022,OKB,$19.42,0,300000000.00,300000000.00
Apr 27 2022,OKB,$19.42,0,300000000.00,300000000.00
Apr 26 2022,OKB,$20.27,0,300000000.00,300000000.00
Apr 26 2022,OKB,$20.27,0,300000000.00,300000000.00
Apr 26 2022,OKB,$20.27,0,300000000.00,300000000.00
Apr 25 2022,OKB,$20.70,0,300000000.00,300000000.00
Apr 25 2022,OKB,$20.70,0,300000000.00,300000000.00
Apr 24 2022,OKB,$19.79,0,300000000.00,300000000.00
Apr 24 2022,OKB,$19.79,0,300000000.00,300000000.00
Apr 24 2022,OKB,$19.79,0,300000000.00,300000000.00
Apr 23 2022,OKB,$19.68,0,300000000.00,300000000.00
Apr 23 2022,OKB,$19.68,0,300000000.00,300000000.00
Apr 22 2022,OKB,$19.08,0,300000000.00,300000000.00
Apr 22 2022,OKB,$19.08,0,300000000.00,300000000.00
Apr 22 2022,OKB,$19.08,0,300000000.00,300000000.00
Apr 21 2022,OKB,$19.46,0,300000000.00,300000000.00
Apr 21 2022,OKB,$19.46,0,300000000.00,300000000.00
Apr 20 2022,OKB,$20.10,0,300000000.00,300000000.00
Apr 20 2022,OKB,$20.10,0,300000000.00,300000000.00
Apr 19 2022,OKB,$19.88,0,300000000.00,300000000.00
Apr 19 2022,OKB,$19.88,0,300000000.00,300000000.00
Apr 19 2022,OKB,$19.88,0,300000000.00,300000000.00
Apr 18 2022,OKB,$19.98,0,300000000.00,300000000.00
Apr 18 2022,OKB,$19.98,0,300000000.00,300000000.00
Apr 17 2022,OKB,$20.76,0,300000000.00,300000000.00
Apr 17 2022,OKB,$20.76,0,300000000.00,300000000.00
Apr 17 2022,OKB,$20.76,0,300000000.00,300000000.00
Apr 16 2022,OKB,$20.41,0,300000000.00,300000000.00
Apr 16 2022,OKB,$20.41,0,300000000.00,300000000.00
Apr 15 2022,OKB,$19.79,0,300000000.00,300000000.00
Apr 15 2022,OKB,$19.79,0,300000000.00,300000000.00
Apr 14 2022,OKB,$19.70,0,300000000.00,300000000.00
Apr 14 2022,OKB,$19.70,0,300000000.00,300000000.00
Apr 14 2022,OKB,$19.70,0,300000000.00,300000000.00
Apr 13 2022,OKB,$18.95,0,300000000.00,300000000.00
Apr 13 2022,OKB,$18.95,0,300000000.00,300000000.00
Apr 12 2022,OKB,$18.27,0,300000000.00,300000000.00
Apr 12 2022,OKB,$18.27,0,300000000.00,300000000.00
Apr 12 2022,OKB,$18.27,0,300000000.00,300000000.00
Apr 11 2022,OKB,$19.40,0,300000000.00,300000000.00
Apr 11 2022,OKB,$19.40,0,300000000.00,300000000.00
Apr 10 2022,OKB,$19.70,0,300000000.00,300000000.00
Apr 10 2022,OKB,$19.70,0,300000000.00,300000000.00
Apr 10 2022,OKB,$19.70,0,300000000.00,300000000.00
Apr 09 2022,OKB,$19.27,0,300000000.00,300000000.00
Apr 09 2022,OKB,$19.27,0,300000000.00,300000000.00
Apr 08 2022,OKB,$20.47,0,300000000.00,300000000.00
Apr 08 2022,OKB,$20.47,0,300000000.00,300000000.00
Apr 07 2022,OKB,$19.01,0,300000000.00,300000000.00
Apr 07 2022,OKB,$19.01,0,300000000.00,300000000.00
Apr 07 2022,OKB,$19.01,0,300000000.00,300000000.00
Apr 06 2022,OKB,$20.21,0,300000000.00,300000000.00
Apr 06 2022,OKB,$20.21,0,300000000.00,300000000.00
Apr 05 2022,OKB,$20.86,0,300000000.00,300000000.00
Apr 05 2022,OKB,$20.86,0,300000000.00,300000000.00
Apr 05 2022,OKB,$20.86,0,300000000.00,300000000.00
Apr 04 2022,OKB,$21.28,0,300000000.00,300000000.00
Apr 04 2022,OKB,$21.28,0,300000000.00,300000000.00
Apr 03 2022,OKB,$20.72,0,300000000.00,300000000.00
Apr 03 2022,OKB,$20.72,0,300000000.00,300000000.00
Apr 03 2022,OKB,$20.72,0,300000000.00,300000000.00
Apr 02 2022,OKB,$21.29,0,300000000.00,300000000.00
Apr 02 2022,OKB,$21.29,0,300000000.00,300000000.00
Apr 01 2022,OKB,$20.95,0,300000000.00,300000000.00
Apr 01 2022,OKB,$20.95,0,300000000.00,300000000.00
Mar 31 2022,OKB,$21.40,0,300000000.00,300000000.00
Mar 31 2022,OKB,$21.40,0,300000000.00,300000000.00
Mar 31 2022,OKB,$21.40,0,300000000.00,300000000.00
Mar 30 2022,OKB,$21.58,0,300000000.00,300000000.00
Mar 30 2022,OKB,$21.58,0,300000000.00,300000000.00
Mar 29 2022,OKB,$22.00,0,300000000.00,300000000.00
Mar 29 2022,OKB,$22.00,0,300000000.00,300000000.00
Mar 29 2022,OKB,$22.00,0,300000000.00,300000000.00
Mar 28 2022,OKB,$22.88,0,300000000.00,300000000.00
Mar 28 2022,OKB,$22.88,0,300000000.00,300000000.00
Mar 27 2022,OKB,$22.02,0,300000000.00,300000000.00
Mar 27 2022,OKB,$22.02,0,300000000.00,300000000.00
Mar 27 2022,OKB,$22.02,0,300000000.00,300000000.00
Mar 26 2022,OKB,$21.63,0,300000000.00,300000000.00
Mar 26 2022,OKB,$21.63,0,300000000.00,300000000.00
Mar 25 2022,OKB,$21.34,0,300000000.00,300000000.00
Mar 25 2022,OKB,$21.34,0,300000000.00,300000000.00
Mar 24 2022,OKB,$20.12,0,300000000.00,300000000.00
Mar 24 2022,OKB,$20.12,0,300000000.00,300000000.00
Mar 24 2022,OKB,$20.12,0,300000000.00,300000000.00
Mar 23 2022,OKB,$19.64,0,300000000.00,300000000.00
Mar 23 2022,OKB,$19.64,0,300000000.00,300000000.00
Mar 22 2022,OKB,$19.21,0,300000000.00,300000000.00
Mar 22 2022,OKB,$19.21,0,300000000.00,300000000.00
Mar 22 2022,OKB,$19.21,0,300000000.00,300000000.00
Mar 21 2022,OKB,$19.40,0,300000000.00,300000000.00
Mar 21 2022,OKB,$19.40,0,300000000.00,300000000.00
Mar 20 2022,OKB,$20.43,0,300000000.00,300000000.00
Mar 20 2022,OKB,$20.43,0,300000000.00,300000000.00
Mar 20 2022,OKB,$20.43,0,300000000.00,300000000.00
Mar 19 2022,OKB,$20.26,0,300000000.00,300000000.00
Mar 19 2022,OKB,$20.26,0,300000000.00,300000000.00
Mar 18 2022,OKB,$20.11,0,300000000.00,300000000.00
Mar 18 2022,OKB,$20.11,0,300000000.00,300000000.00
Mar 17 2022,OKB,$19.05,0,300000000.00,300000000.00
Mar 17 2022,OKB,$19.05,0,300000000.00,300000000.00
Mar 17 2022,OKB,$19.05,0,300000000.00,300000000.00
Mar 17 2022,OKB,$19.05,0,300000000.00,300000000.00
Mar 16 2022,OKB,$18.22,0,300000000.00,300000000.00
Mar 16 2022,OKB,$18.22,0,300000000.00,300000000.00
Mar 15 2022,OKB,$18.68,0,300000000.00,300000000.00
Mar 15 2022,OKB,$18.68,0,300000000.00,300000000.00
Mar 15 2022,OKB,$18.68,0,300000000.00,300000000.00
Mar 14 2022,OKB,$17.43,0,300000000.00,300000000.00
Mar 14 2022,OKB,$17.43,0,300000000.00,300000000.00
Mar 13 2022,OKB,$17.68,0,300000000.00,300000000.00
Mar 13 2022,OKB,$17.68,0,300000000.00,300000000.00
Mar 13 2022,OKB,$17.68,0,300000000.00,300000000.00
Mar 12 2022,OKB,$17.78,0,300000000.00,300000000.00
Mar 12 2022,OKB,$17.78,0,300000000.00,300000000.00
Mar 11 2022,OKB,$17.87,0,300000000.00,300000000.00
Mar 11 2022,OKB,$17.87,0,300000000.00,300000000.00
Mar 10 2022,OKB,$18.59,0,300000000.00,300000000.00
Mar 10 2022,OKB,$18.59,0,300000000.00,300000000.00
Mar 10 2022,OKB,$18.59,0,300000000.00,300000000.00
Mar 09 2022,OKB,$17.77,0,300000000.00,300000000.00
Mar 09 2022,OKB,$17.77,0,300000000.00,300000000.00
Mar 08 2022,OKB,$17.70,0,300000000.00,300000000.00
Mar 08 2022,OKB,$17.70,0,300000000.00,300000000.00
Mar 08 2022,OKB,$17.70,0,300000000.00,300000000.00
Mar 07 2022,OKB,$17.99,0,300000000.00,300000000.00
Mar 07 2022,OKB,$17.99,0,300000000.00,300000000.00
Mar 06 2022,OKB,$18.20,0,300000000.00,300000000.00
Mar 06 2022,OKB,$18.20,0,300000000.00,300000000.00
Mar 06 2022,OKB,$18.20,0,300000000.00,300000000.00
Mar 05 2022,OKB,$18.11,0,300000000.00,300000000.00
Mar 05 2022,OKB,$18.11,0,300000000.00,300000000.00
Mar 04 2022,OKB,$19.17,0,300000000.00,300000000.00
Mar 04 2022,OKB,$19.17,0,300000000.00,300000000.00
Mar 03 2022,OKB,$18.29,0,300000000.00,300000000.00
Mar 03 2022,OKB,$18.29,0,300000000.00,300000000.00
Mar 03 2022,OKB,$18.29,0,300000000.00,300000000.00
Mar 02 2022,OKB,$18.23,0,300000000.00,300000000.00
Mar 02 2022,OKB,$18.23,0,300000000.00,300000000.00
Mar 01 2022,OKB,$18.14,0,300000000.00,300000000.00
Mar 01 2022,OKB,$18.14,0,300000000.00,300000000.00
Mar 01 2022,OKB,$18.14,0,300000000.00,300000000.00
Feb 28 2022,OKB,$16.86,0,300000000.00,300000000.00
Feb 28 2022,OKB,$16.86,0,300000000.00,300000000.00
Feb 27 2022,OKB,$17.73,0,300000000.00,300000000.00
Feb 27 2022,OKB,$17.73,0,300000000.00,300000000.00
Feb 26 2022,OKB,$17.63,0,300000000.00,300000000.00
Feb 26 2022,OKB,$17.63,0,300000000.00,300000000.00
Feb 26 2022,OKB,$17.63,0,300000000.00,300000000.00
Feb 25 2022,OKB,$16.86,0,300000000.00,300000000.00
Feb 25 2022,OKB,$16.86,0,300000000.00,300000000.00
Feb 24 2022,OKB,$16.97,0,300000000.00,300000000.00
Feb 24 2022,OKB,$16.97,0,300000000.00,300000000.00
Feb 24 2022,OKB,$16.97,0,300000000.00,300000000.00
Feb 23 2022,OKB,$17.85,0,300000000.00,300000000.00
Feb 23 2022,OKB,$17.85,0,300000000.00,300000000.00
Feb 22 2022,OKB,$18.12,0,300000000.00,300000000.00
Feb 22 2022,OKB,$18.12,0,300000000.00,300000000.00
Feb 22 2022,OKB,$18.12,0,300000000.00,300000000.00
Feb 21 2022,OKB,$18.94,0,300000000.00,300000000.00
Feb 21 2022,OKB,$18.94,0,300000000.00,300000000.00
Feb 20 2022,OKB,$19.73,0,300000000.00,300000000.00
Feb 20 2022,OKB,$19.73,0,300000000.00,300000000.00
Feb 19 2022,OKB,$19.86,0,300000000.00,300000000.00
Feb 19 2022,OKB,$19.86,0,300000000.00,300000000.00
Feb 19 2022,OKB,$19.86,0,300000000.00,300000000.00
Feb 18 2022,OKB,$20.36,0,300000000.00,300000000.00
Feb 18 2022,OKB,$20.36,0,300000000.00,300000000.00
Feb 17 2022,OKB,$21.43,0,300000000.00,300000000.00
Feb 17 2022,OKB,$21.43,0,300000000.00,300000000.00
Feb 17 2022,OKB,$21.43,0,300000000.00,300000000.00
Feb 16 2022,OKB,$21.70,0,300000000.00,300000000.00
Feb 16 2022,OKB,$21.70,0,300000000.00,300000000.00
Feb 15 2022,OKB,$20.71,0,300000000.00,300000000.00
Feb 15 2022,OKB,$20.71,0,300000000.00,300000000.00
Feb 15 2022,OKB,$20.71,0,300000000.00,300000000.00
Feb 14 2022,OKB,$20.77,0,300000000.00,300000000.00
Feb 14 2022,OKB,$20.77,0,300000000.00,300000000.00
Feb 13 2022,OKB,$20.99,0,300000000.00,300000000.00
Feb 13 2022,OKB,$20.99,0,300000000.00,300000000.00
Feb 12 2022,OKB,$21.44,0,300000000.00,300000000.00
Feb 12 2022,OKB,$21.44,0,300000000.00,300000000.00
Feb 12 2022,OKB,$21.44,0,300000000.00,300000000.00
Feb 11 2022,OKB,$22.39,0,300000000.00,300000000.00
Feb 11 2022,OKB,$22.39,0,300000000.00,300000000.00
Feb 10 2022,OKB,$23.49,0,300000000.00,300000000.00
Feb 10 2022,OKB,$23.49,0,300000000.00,300000000.00
Feb 10 2022,OKB,$23.49,0,300000000.00,300000000.00
Feb 09 2022,OKB,$23.65,0,300000000.00,300000000.00
Feb 09 2022,OKB,$23.65,0,300000000.00,300000000.00
Feb 08 2022,OKB,$23.07,0,300000000.00,300000000.00
Feb 08 2022,OKB,$23.07,0,300000000.00,300000000.00
Feb 08 2022,OKB,$23.07,0,300000000.00,300000000.00
Feb 07 2022,OKB,$22.22,0,300000000.00,300000000.00
Feb 07 2022,OKB,$22.22,0,300000000.00,300000000.00
Feb 06 2022,OKB,$22.23,0,300000000.00,300000000.00
Feb 06 2022,OKB,$22.23,0,300000000.00,300000000.00
Feb 05 2022,OKB,$22.11,0,300000000.00,300000000.00
Feb 05 2022,OKB,$22.11,0,300000000.00,300000000.00
Feb 05 2022,OKB,$22.11,0,300000000.00,300000000.00
Feb 04 2022,OKB,$20.81,0,300000000.00,300000000.00
Feb 04 2022,OKB,$20.81,0,300000000.00,300000000.00
Feb 03 2022,OKB,$20.93,0,300000000.00,300000000.00
Feb 03 2022,OKB,$20.93,0,300000000.00,300000000.00
Feb 03 2022,OKB,$20.93,0,300000000.00,300000000.00
Feb 02 2022,OKB,$22.03,0,300000000.00,300000000.00
Feb 02 2022,OKB,$22.03,0,300000000.00,300000000.00
Feb 01 2022,OKB,$21.63,0,300000000.00,300000000.00
Feb 01 2022,OKB,$21.63,0,300000000.00,300000000.00
Feb 01 2022,OKB,$21.63,0,300000000.00,300000000.00
Jan 31 2022,OKB,$21.10,0,300000000.00,300000000.00
Jan 31 2022,OKB,$21.10,0,300000000.00,300000000.00
Jan 30 2022,OKB,$20.90,0,300000000.00,300000000.00
Jan 30 2022,OKB,$20.90,0,300000000.00,300000000.00
Jan 29 2022,OKB,$21.15,0,300000000.00,300000000.00
Jan 29 2022,OKB,$21.15,0,300000000.00,300000000.00
Jan 29 2022,OKB,$21.15,0,300000000.00,300000000.00
Jan 28 2022,OKB,$21.16,0,300000000.00,300000000.00
Jan 28 2022,OKB,$21.16,0,300000000.00,300000000.00
Jan 27 2022,OKB,$21.87,0,300000000.00,300000000.00
Jan 27 2022,OKB,$21.87,0,300000000.00,300000000.00
Jan 27 2022,OKB,$21.87,0,300000000.00,300000000.00
Jan 26 2022,OKB,$22.69,0,300000000.00,300000000.00
Jan 26 2022,OKB,$22.69,0,300000000.00,300000000.00
Jan 25 2022,OKB,$20.89,0,300000000.00,300000000.00
Jan 25 2022,OKB,$20.89,0,300000000.00,300000000.00
Jan 25 2022,OKB,$20.89,0,300000000.00,300000000.00
Jan 24 2022,OKB,$21.16,0,300000000.00,300000000.00
Jan 24 2022,OKB,$21.16,0,300000000.00,300000000.00
Jan 23 2022,OKB,$20.25,0,300000000.00,300000000.00
Jan 23 2022,OKB,$20.25,0,300000000.00,300000000.00
Jan 22 2022,OKB,$21.31,0,300000000.00,300000000.00
Jan 22 2022,OKB,$21.31,0,300000000.00,300000000.00
Jan 22 2022,OKB,$21.31,0,300000000.00,300000000.00
Jan 21 2022,OKB,$24.77,0,300000000.00,300000000.00
Jan 21 2022,OKB,$24.77,0,300000000.00,300000000.00
Jan 20 2022,OKB,$25.18,0,300000000.00,300000000.00
Jan 20 2022,OKB,$25.18,0,300000000.00,300000000.00
Jan 20 2022,OKB,$25.18,0,300000000.00,300000000.00
Jan 19 2022,OKB,$25.45,0,300000000.00,300000000.00
Jan 19 2022,OKB,$25.45,0,300000000.00,300000000.00
Jan 18 2022,OKB,$26.39,0,300000000.00,300000000.00
Jan 18 2022,OKB,$26.39,0,300000000.00,300000000.00
Jan 18 2022,OKB,$26.39,0,300000000.00,300000000.00
Jan 17 2022,OKB,$27.49,0,300000000.00,300000000.00
Jan 17 2022,OKB,$27.49,0,300000000.00,300000000.00
Jan 16 2022,OKB,$26.06,0,300000000.00,300000000.00
Jan 16 2022,OKB,$26.06,0,300000000.00,300000000.00
Jan 15 2022,OKB,$25.77,0,300000000.00,300000000.00
Jan 15 2022,OKB,$25.77,0,300000000.00,300000000.00
Jan 15 2022,OKB,$25.77,0,300000000.00,300000000.00
Jan 14 2022,OKB,$25.50,0,300000000.00,300000000.00
Jan 14 2022,OKB,$25.50,0,300000000.00,300000000.00
Jan 13 2022,OKB,$26.18,0,300000000.00,300000000.00
Jan 13 2022,OKB,$26.18,0,300000000.00,300000000.00
Jan 13 2022,OKB,$26.18,0,300000000.00,300000000.00
Jan 12 2022,OKB,$24.88,0,300000000.00,300000000.00
Jan 12 2022,OKB,$24.88,0,300000000.00,300000000.00
Jan 11 2022,OKB,$23.86,0,300000000.00,300000000.00
Jan 11 2022,OKB,$23.86,0,300000000.00,300000000.00
Jan 10 2022,OKB,$24.13,0,300000000.00,300000000.00
Jan 10 2022,OKB,$24.13,0,300000000.00,300000000.00
Jan 10 2022,OKB,$24.13,0,300000000.00,300000000.00
Jan 09 2022,OKB,$24.53,0,300000000.00,300000000.00
Jan 09 2022,OKB,$24.53,0,300000000.00,300000000.00
Jan 08 2022,OKB,$25.20,0,300000000.00,300000000.00
Jan 08 2022,OKB,$25.20,0,300000000.00,300000000.00
Jan 08 2022,OKB,$25.20,0,300000000.00,300000000.00
Jan 07 2022,OKB,$26.44,0,300000000.00,300000000.00
Jan 07 2022,OKB,$26.44,0,300000000.00,300000000.00
Jan 06 2022,OKB,$26.50,0,300000000.00,300000000.00
Jan 06 2022,OKB,$26.50,0,300000000.00,300000000.00
Jan 06 2022,OKB,$26.50,0,300000000.00,300000000.00
Jan 05 2022,OKB,$27.90,0,300000000.00,300000000.00
Jan 05 2022,OKB,$27.90,0,300000000.00,300000000.00
Jan 04 2022,OKB,$28.79,0,300000000.00,300000000.00
Jan 04 2022,OKB,$28.79,0,300000000.00,300000000.00
Jan 03 2022,OKB,$29.30,0,300000000.00,300000000.00
Jan 03 2022,OKB,$29.30,0,300000000.00,300000000.00
Jan 03 2022,OKB,$29.30,0,300000000.00,300000000.00
Jan 02 2022,OKB,$29.39,0,300000000.00,300000000.00
Jan 02 2022,OKB,$29.39,0,300000000.00,300000000.00
Jan 01 2022,OKB,$28.82,0,300000000.00,300000000.00
Jan 01 2022,OKB,$28.82,0,300000000.00,300000000.00
Jan 01 2022,OKB,$28.82,0,300000000.00,300000000.00
Dec 31 2021,OKB,$28.76,0,300000000.00,300000000.00
Dec 31 2021,OKB,$28.76,0,300000000.00,300000000.00
Dec 30 2021,OKB,$28.65,0,300000000.00,300000000.00
Dec 30 2021,OKB,$28.65,0,300000000.00,300000000.00
Dec 30 2021,OKB,$28.65,0,300000000.00,300000000.00
Dec 29 2021,OKB,$30.06,0,300000000.00,300000000.00
Dec 29 2021,OKB,$30.06,0,300000000.00,300000000.00
Dec 28 2021,OKB,$30.65,0,300000000.00,300000000.00
Dec 28 2021,OKB,$30.65,0,300000000.00,300000000.00
Dec 27 2021,OKB,$31.01,0,300000000.00,300000000.00
Dec 27 2021,OKB,$31.01,0,300000000.00,300000000.00
Dec 27 2021,OKB,$31.01,0,300000000.00,300000000.00
Dec 26 2021,OKB,$29.90,0,300000000.00,300000000.00
Dec 26 2021,OKB,$29.90,0,300000000.00,300000000.00
Dec 25 2021,OKB,$30.13,0,300000000.00,300000000.00
Dec 25 2021,OKB,$30.13,0,300000000.00,300000000.00
Dec 25 2021,OKB,$30.13,0,300000000.00,300000000.00
Dec 24 2021,OKB,$31.49,0,300000000.00,300000000.00
Dec 24 2021,OKB,$31.49,0,300000000.00,300000000.00
Dec 23 2021,OKB,$32.27,0,300000000.00,300000000.00
Dec 23 2021,OKB,$32.27,0,300000000.00,300000000.00
Dec 23 2021,OKB,$32.27,0,300000000.00,300000000.00
Dec 22 2021,OKB,$32.39,0,300000000.00,300000000.00
Dec 22 2021,OKB,$32.39,0,300000000.00,300000000.00
Dec 21 2021,OKB,$32.27,0,300000000.00,300000000.00
Dec 21 2021,OKB,$32.27,0,300000000.00,300000000.00
Dec 20 2021,OKB,$32.45,0,300000000.00,300000000.00
Dec 20 2021,OKB,$32.45,0,300000000.00,300000000.00
Dec 20 2021,OKB,$32.45,0,300000000.00,300000000.00
Dec 19 2021,OKB,$31.12,0,300000000.00,300000000.00
Dec 19 2021,OKB,$31.12,0,300000000.00,300000000.00
Dec 18 2021,OKB,$31.36,0,300000000.00,300000000.00
Dec 18 2021,OKB,$31.36,0,300000000.00,300000000.00
Dec 18 2021,OKB,$31.36,0,300000000.00,300000000.00
Dec 17 2021,OKB,$31.09,0,300000000.00,300000000.00
Dec 17 2021,OKB,$31.09,0,300000000.00,300000000.00
Dec 16 2021,OKB,$31.71,0,300000000.00,300000000.00
Dec 16 2021,OKB,$31.71,0,300000000.00,300000000.00
Dec 16 2021,OKB,$31.71,0,300000000.00,300000000.00
Dec 15 2021,OKB,$29.32,0,300000000.00,300000000.00
Dec 15 2021,OKB,$29.32,0,300000000.00,300000000.00
Dec 14 2021,OKB,$28.01,0,300000000.00,300000000.00
Dec 14 2021,OKB,$28.01,0,300000000.00,300000000.00
Dec 13 2021,OKB,$27.06,0,300000000.00,300000000.00
Dec 13 2021,OKB,$27.06,0,300000000.00,300000000.00
Dec 13 2021,OKB,$27.06,0,300000000.00,300000000.00
Dec 12 2021,OKB,$26.44,0,300000000.00,300000000.00
Dec 12 2021,OKB,$26.44,0,300000000.00,300000000.00
Dec 11 2021,OKB,$23.51,0,300000000.00,300000000.00
Dec 11 2021,OKB,$23.51,0,300000000.00,300000000.00
Dec 11 2021,OKB,$23.51,0,300000000.00,300000000.00
Dec 10 2021,OKB,$25.65,0,300000000.00,300000000.00
Dec 10 2021,OKB,$25.65,0,300000000.00,300000000.00
Dec 09 2021,OKB,$27.31,0,300000000.00,300000000.00
Dec 09 2021,OKB,$27.31,0,300000000.00,300000000.00
Dec 09 2021,OKB,$27.31,0,300000000.00,300000000.00
Dec 08 2021,OKB,$27.38,0,300000000.00,300000000.00
Dec 08 2021,OKB,$27.38,0,300000000.00,300000000.00
Dec 07 2021,OKB,$26.05,0,300000000.00,300000000.00
Dec 07 2021,OKB,$26.05,0,300000000.00,300000000.00
Dec 06 2021,OKB,$24.19,0,300000000.00,300000000.00
Dec 06 2021,OKB,$24.19,0,300000000.00,300000000.00
Dec 06 2021,OKB,$24.19,0,300000000.00,300000000.00
Dec 05 2021,OKB,$24.72,0,300000000.00,300000000.00
Dec 05 2021,OKB,$24.72,0,300000000.00,300000000.00
Dec 04 2021,OKB,$26.37,0,300000000.00,300000000.00
Dec 04 2021,OKB,$26.37,0,300000000.00,300000000.00
Dec 04 2021,OKB,$26.37,0,300000000.00,300000000.00
Dec 03 2021,OKB,$27.54,0,300000000.00,300000000.00
Dec 03 2021,OKB,$27.54,0,300000000.00,300000000.00
Dec 02 2021,OKB,$25.23,0,300000000.00,300000000.00
Dec 02 2021,OKB,$25.23,0,300000000.00,300000000.00
Dec 02 2021,OKB,$25.23,0,300000000.00,300000000.00
Dec 01 2021,OKB,$24.20,0,300000000.00,300000000.00
Dec 01 2021,OKB,$24.20,0,300000000.00,300000000.00
Nov 30 2021,OKB,$24.27,0,300000000.00,300000000.00
Nov 30 2021,OKB,$24.27,0,300000000.00,300000000.00
Nov 29 2021,OKB,$23.55,0,300000000.00,300000000.00
Nov 29 2021,OKB,$23.55,0,300000000.00,300000000.00
Nov 29 2021,OKB,$23.55,0,300000000.00,300000000.00
Nov 28 2021,OKB,$23.39,0,300000000.00,300000000.00
Nov 28 2021,OKB,$23.39,0,300000000.00,300000000.00
Nov 27 2021,OKB,$23.85,0,300000000.00,300000000.00
Nov 27 2021,OKB,$23.85,0,300000000.00,300000000.00
Nov 27 2021,OKB,$23.85,0,300000000.00,300000000.00
Nov 26 2021,OKB,$27.21,0,300000000.00,300000000.00
Nov 26 2021,OKB,$27.21,0,300000000.00,300000000.00
Nov 25 2021,OKB,$23.47,0,300000000.00,300000000.00
Nov 25 2021,OKB,$23.47,0,300000000.00,300000000.00
Nov 24 2021,OKB,$24.48,0,300000000.00,300000000.00
Nov 24 2021,OKB,$24.48,0,300000000.00,300000000.00
Nov 24 2021,OKB,$24.48,0,300000000.00,300000000.00
Nov 23 2021,OKB,$23.55,0,300000000.00,300000000.00
Nov 23 2021,OKB,$23.55,0,300000000.00,300000000.00
Nov 22 2021,OKB,$24.67,0,300000000.00,300000000.00
Nov 22 2021,OKB,$24.67,0,300000000.00,300000000.00
Nov 22 2021,OKB,$24.67,0,300000000.00,300000000.00
Nov 21 2021,OKB,$25.57,0,300000000.00,300000000.00
Nov 21 2021,OKB,$25.57,0,300000000.00,300000000.00
Nov 20 2021,OKB,$24.75,0,300000000.00,300000000.00
Nov 20 2021,OKB,$24.75,0,300000000.00,300000000.00
Nov 20 2021,OKB,$24.75,0,300000000.00,300000000.00
Nov 19 2021,OKB,$24.07,0,300000000.00,300000000.00
Nov 19 2021,OKB,$24.07,0,300000000.00,300000000.00
Nov 18 2021,OKB,$25.91,0,300000000.00,300000000.00
Nov 18 2021,OKB,$25.91,0,300000000.00,300000000.00
Nov 17 2021,OKB,$25.18,0,300000000.00,300000000.00
Nov 17 2021,OKB,$25.18,0,300000000.00,300000000.00
Nov 17 2021,OKB,$25.18,0,300000000.00,300000000.00
Nov 16 2021,OKB,$26.54,0,300000000.00,300000000.00
Nov 16 2021,OKB,$26.54,0,300000000.00,300000000.00
Nov 15 2021,OKB,$27.48,0,300000000.00,300000000.00
Nov 15 2021,OKB,$27.48,0,300000000.00,300000000.00
Nov 15 2021,OKB,$27.48,0,300000000.00,300000000.00
Nov 14 2021,OKB,$27.31,0,300000000.00,300000000.00
Nov 14 2021,OKB,$27.31,0,300000000.00,300000000.00
Nov 13 2021,OKB,$26.85,0,300000000.00,300000000.00
Nov 13 2021,OKB,$26.85,0,300000000.00,300000000.00
Nov 13 2021,OKB,$26.85,0,300000000.00,300000000.00
Nov 12 2021,OKB,$28.62,0,300000000.00,300000000.00
Nov 12 2021,OKB,$28.62,0,300000000.00,300000000.00
Nov 11 2021,OKB,$28.24,0,300000000.00,300000000.00
Nov 11 2021,OKB,$28.24,0,300000000.00,300000000.00
Nov 10 2021,OKB,$30.35,0,300000000.00,300000000.00
Nov 10 2021,OKB,$30.35,0,300000000.00,300000000.00
Nov 10 2021,OKB,$30.35,0,300000000.00,300000000.00
Nov 09 2021,OKB,$31.16,0,300000000.00,300000000.00
Nov 09 2021,OKB,$31.16,0,300000000.00,300000000.00
Nov 08 2021,OKB,$28.15,0,300000000.00,300000000.00
Nov 08 2021,OKB,$28.15,0,300000000.00,300000000.00
Nov 08 2021,OKB,$28.15,0,300000000.00,300000000.00
Nov 07 2021,OKB,$25.92,0,300000000.00,300000000.00
Nov 07 2021,OKB,$25.92,0,300000000.00,300000000.00
Nov 06 2021,OKB,$24.70,0,300000000.00,300000000.00
Nov 06 2021,OKB,$24.70,0,300000000.00,300000000.00
Nov 06 2021,OKB,$24.70,0,300000000.00,300000000.00
Nov 05 2021,OKB,$22.16,0,300000000.00,300000000.00
Nov 05 2021,OKB,$22.16,0,300000000.00,300000000.00
Nov 04 2021,OKB,$22.70,0,300000000.00,300000000.00
Nov 04 2021,OKB,$22.70,0,300000000.00,300000000.00
Nov 03 2021,OKB,$22.34,0,300000000.00,300000000.00
Nov 03 2021,OKB,$22.34,0,300000000.00,300000000.00
Nov 03 2021,OKB,$22.34,0,300000000.00,300000000.00
Nov 02 2021,OKB,$22.75,0,300000000.00,300000000.00
Nov 02 2021,OKB,$22.75,0,300000000.00,300000000.00
Nov 01 2021,OKB,$21.22,0,300000000.00,300000000.00
Nov 01 2021,OKB,$21.22,0,300000000.00,300000000.00
Nov 01 2021,OKB,$21.22,0,300000000.00,300000000.00
Oct 31 2021,OKB,$21.08,0,300000000.00,300000000.00
Oct 31 2021,OKB,$21.08,0,300000000.00,300000000.00
Oct 30 2021,OKB,$21.71,0,300000000.00,300000000.00
Oct 30 2021,OKB,$21.71,0,300000000.00,300000000.00
Oct 30 2021,OKB,$21.71,0,300000000.00,300000000.00
Oct 29 2021,OKB,$22.08,0,300000000.00,300000000.00
Oct 29 2021,OKB,$22.08,0,300000000.00,300000000.00
Oct 28 2021,OKB,$21.85,0,300000000.00,300000000.00
Oct 28 2021,OKB,$21.85,0,300000000.00,300000000.00
Oct 27 2021,OKB,$24.21,0,300000000.00,300000000.00
Oct 27 2021,OKB,$24.21,0,300000000.00,300000000.00
Oct 27 2021,OKB,$24.21,0,300000000.00,300000000.00
Oct 26 2021,OKB,$26.32,0,300000000.00,300000000.00
Oct 26 2021,OKB,$26.32,0,300000000.00,300000000.00
Oct 25 2021,OKB,$26.04,0,300000000.00,300000000.00
Oct 25 2021,OKB,$26.04,0,300000000.00,300000000.00
Oct 25 2021,OKB,$26.04,0,300000000.00,300000000.00
Oct 24 2021,OKB,$27.56,0,300000000.00,300000000.00
Oct 24 2021,OKB,$27.56,0,300000000.00,300000000.00
Oct 23 2021,OKB,$28.83,0,300000000.00,300000000.00
Oct 23 2021,OKB,$28.83,0,300000000.00,300000000.00
Oct 23 2021,OKB,$28.83,0,300000000.00,300000000.00
Oct 22 2021,OKB,$24.14,0,300000000.00,300000000.00
Oct 22 2021,OKB,$24.14,0,300000000.00,300000000.00
Oct 21 2021,OKB,$26.12,0,300000000.00,300000000.00
Oct 21 2021,OKB,$26.12,0,300000000.00,300000000.00
Oct 20 2021,OKB,$19.53,0,300000000.00,300000000.00
Oct 20 2021,OKB,$19.53,0,300000000.00,300000000.00
Oct 20 2021,OKB,$19.53,0,300000000.00,300000000.00
Oct 19 2021,OKB,$16.33,0,300000000.00,300000000.00
Oct 19 2021,OKB,$16.33,0,300000000.00,300000000.00
Oct 18 2021,OKB,$16.04,0,300000000.00,300000000.00
Oct 18 2021,OKB,$16.04,0,300000000.00,300000000.00
Oct 18 2021,OKB,$16.04,0,300000000.00,300000000.00
Oct 17 2021,OKB,$16.10,0,300000000.00,300000000.00
Oct 17 2021,OKB,$16.10,0,300000000.00,300000000.00
Oct 16 2021,OKB,$16.76,0,300000000.00,300000000.00
Oct 16 2021,OKB,$16.76,0,300000000.00,300000000.00
Oct 16 2021,OKB,$16.76,0,300000000.00,300000000.00
Oct 15 2021,OKB,$16.27,0,300000000.00,300000000.00
Oct 15 2021,OKB,$16.27,0,300000000.00,300000000.00
Oct 14 2021,OKB,$16.18,0,300000000.00,300000000.00
Oct 14 2021,OKB,$16.18,0,300000000.00,300000000.00
Oct 13 2021,OKB,$15.99,0,300000000.00,300000000.00
Oct 13 2021,OKB,$15.99,0,300000000.00,300000000.00
Oct 13 2021,OKB,$15.99,0,300000000.00,300000000.00
Oct 12 2021,OKB,$16.28,0,300000000.00,300000000.00
Oct 12 2021,OKB,$16.28,0,300000000.00,300000000.00
Oct 11 2021,OKB,$16.51,0,300000000.00,300000000.00
Oct 11 2021,OKB,$16.51,0,300000000.00,300000000.00
Oct 11 2021,OKB,$16.51,0,300000000.00,300000000.00
Oct 10 2021,OKB,$17.53,0,300000000.00,300000000.00
Oct 10 2021,OKB,$17.53,0,300000000.00,300000000.00
Oct 09 2021,OKB,$17.94,0,300000000.00,300000000.00
Oct 09 2021,OKB,$17.94,0,300000000.00,300000000.00
Oct 08 2021,OKB,$17.56,0,300000000.00,300000000.00
Oct 08 2021,OKB,$17.56,0,300000000.00,300000000.00
Oct 08 2021,OKB,$17.56,0,300000000.00,300000000.00
Oct 07 2021,OKB,$17.08,0,300000000.00,300000000.00
Oct 07 2021,OKB,$17.08,0,300000000.00,300000000.00
Oct 06 2021,OKB,$17.90,0,300000000.00,300000000.00
Oct 06 2021,OKB,$17.90,0,300000000.00,300000000.00
Oct 06 2021,OKB,$17.90,0,300000000.00,300000000.00
Oct 05 2021,OKB,$17.94,0,300000000.00,300000000.00
Oct 05 2021,OKB,$17.94,0,300000000.00,300000000.00
Oct 04 2021,OKB,$18.23,0,300000000.00,300000000.00
Oct 04 2021,OKB,$18.23,0,300000000.00,300000000.00
Oct 04 2021,OKB,$18.23,0,300000000.00,300000000.00
Oct 03 2021,OKB,$18.21,0,300000000.00,300000000.00
Oct 03 2021,OKB,$18.21,0,300000000.00,300000000.00
Oct 02 2021,OKB,$17.54,0,300000000.00,300000000.00
Oct 02 2021,OKB,$17.54,0,300000000.00,300000000.00
Oct 01 2021,OKB,$15.89,0,300000000.00,300000000.00
Oct 01 2021,OKB,$15.89,0,300000000.00,300000000.00
Oct 01 2021,OKB,$15.89,0,300000000.00,300000000.00
Sep 30 2021,OKB,$16.36,0,300000000.00,300000000.00
Sep 30 2021,OKB,$16.36,0,300000000.00,300000000.00
Sep 29 2021,OKB,$15.71,0,300000000.00,300000000.00
Sep 29 2021,OKB,$15.71,0,300000000.00,300000000.00
Sep 29 2021,OKB,$15.71,0,300000000.00,300000000.00
Sep 28 2021,OKB,$14.66,0,300000000.00,300000000.00
Sep 28 2021,OKB,$14.66,0,300000000.00,300000000.00
Sep 27 2021,OKB,$12.64,0,300000000.00,300000000.00
Sep 27 2021,OKB,$12.64,0,300000000.00,300000000.00
Sep 27 2021,OKB,$12.64,0,300000000.00,300000000.00
Sep 26 2021,OKB,$13.15,0,300000000.00,300000000.00
Sep 26 2021,OKB,$13.15,0,300000000.00,300000000.00
Sep 25 2021,OKB,$13.97,0,300000000.00,300000000.00
Sep 25 2021,OKB,$13.97,0,300000000.00,300000000.00
Sep 25 2021,OKB,$13.97,0,300000000.00,300000000.00
Oct 08 2021,OKB,$17.56,0,300000000.00,300000000.00
Oct 08 2021,OKB,$17.56,0,300000000.00,300000000.00
Oct 07 2021,OKB,$17.08,0,300000000.00,300000000.00
Oct 07 2021,OKB,$17.08,0,300000000.00,300000000.00
Oct 06 2021,OKB,$17.90,0,300000000.00,300000000.00
Oct 06 2021,OKB,$17.90,0,300000000.00,300000000.00
Oct 06 2021,OKB,$17.90,0,300000000.00,300000000.00
Oct 05 2021,OKB,$17.94,0,300000000.00,300000000.00
Oct 05 2021,OKB,$17.94,0,300000000.00,300000000.00
Oct 04 2021,OKB,$18.23,0,300000000.00,300000000.00
Oct 04 2021,OKB,$18.23,0,300000000.00,300000000.00
Oct 04 2021,OKB,$18.23,0,300000000.00,300000000.00
Oct 03 2021,OKB,$18.21,0,300000000.00,300000000.00
Oct 03 2021,OKB,$18.21,0,300000000.00,300000000.00
Oct 02 2021,OKB,$17.54,0,300000000.00,300000000.00
Oct 02 2021,OKB,$17.54,0,300000000.00,300000000.00
Oct 01 2021,OKB,$15.89,0,300000000.00,300000000.00
Oct 01 2021,OKB,$15.89,0,300000000.00,300000000.00
Oct 01 2021,OKB,$15.89,0,300000000.00,300000000.00
Sep 30 2021,OKB,$16.36,0,300000000.00,300000000.00
Sep 30 2021,OKB,$16.36,0,300000000.00,300000000.00
Sep 29 2021,OKB,$15.71,0,300000000.00,300000000.00
Sep 29 2021,OKB,$15.71,0,300000000.00,300000000.00
Sep 29 2021,OKB,$15.71,0,300000000.00,300000000.00
Sep 28 2021,OKB,$14.66,0,300000000.00,300000000.00
Sep 28 2021,OKB,$14.66,0,300000000.00,300000000.00
Sep 27 2021,OKB,$12.64,0,300000000.00,300000000.00
Sep 27 2021,OKB,$12.64,0,300000000.00,300000000.00
Sep 27 2021,OKB,$12.64,0,300000000.00,300000000.00
Sep 26 2021,OKB,$13.15,0,300000000.00,300000000.00
Sep 26 2021,OKB,$13.15,0,300000000.00,300000000.00
Sep 25 2021,OKB,$13.97,0,300000000.00,300000000.00
Sep 25 2021,OKB,$13.97,0,300000000.00,300000000.00
Sep 24 2021,OKB,$17.26,0,300000000.00,300000000.00
Sep 24 2021,OKB,$17.26,0,300000000.00,300000000.00
Sep 24 2021,OKB,$17.26,0,300000000.00,300000000.00
Sep 23 2021,OKB,$16.95,0,300000000.00,300000000.00
Sep 23 2021,OKB,$16.95,0,300000000.00,300000000.00
Sep 22 2021,OKB,$16.33,0,300000000.00,300000000.00
Sep 22 2021,OKB,$16.33,0,300000000.00,300000000.00
Sep 22 2021,OKB,$16.33,0,300000000.00,300000000.00
Sep 21 2021,OKB,$16.85,0,300000000.00,300000000.00
Sep 21 2021,OKB,$16.85,0,300000000.00,300000000.00
Sep 20 2021,OKB,$18.49,0,300000000.00,300000000.00
Sep 20 2021,OKB,$18.49,0,300000000.00,300000000.00
Sep 20 2021,OKB,$18.49,0,300000000.00,300000000.00
Sep 19 2021,OKB,$18.87,0,300000000.00,300000000.00
Sep 19 2021,OKB,$18.87,0,300000000.00,300000000.00
Sep 18 2021,OKB,$18.62,0,300000000.00,300000000.00
Sep 18 2021,OKB,$18.62,0,300000000.00,300000000.00
Sep 17 2021,OKB,$18.73,0,300000000.00,300000000.00
Sep 17 2021,OKB,$18.73,0,300000000.00,300000000.00
Sep 17 2021,OKB,$18.73,0,300000000.00,300000000.00
Sep 16 2021,OKB,$19.26,0,300000000.00,300000000.00
Sep 16 2021,OKB,$19.26,0,300000000.00,300000000.00
Sep 15 2021,OKB,$18.69,0,300000000.00,300000000.00
Sep 15 2021,OKB,$18.69,0,300000000.00,300000000.00
Sep 15 2021,OKB,$18.69,0,300000000.00,300000000.00
Sep 14 2021,OKB,$18.14,0,300000000.00,300000000.00
Sep 14 2021,OKB,$18.14,0,300000000.00,300000000.00
Sep 13 2021,OKB,$18.79,0,300000000.00,300000000.00
Sep 13 2021,OKB,$18.79,0,300000000.00,300000000.00
Sep 12 2021,OKB,$18.19,0,300000000.00,300000000.00
Sep 12 2021,OKB,$18.19,0,300000000.00,300000000.00
Sep 12 2021,OKB,$18.19,0,300000000.00,300000000.00
Sep 11 2021,OKB,$17.97,0,300000000.00,300000000.00
Sep 11 2021,OKB,$17.97,0,300000000.00,300000000.00
Sep 10 2021,OKB,$18.61,0,300000000.00,300000000.00
Sep 10 2021,OKB,$18.61,0,300000000.00,300000000.00
Sep 10 2021,OKB,$18.61,0,300000000.00,300000000.00
Sep 09 2021,OKB,$18.87,0,300000000.00,300000000.00
Sep 09 2021,OKB,$18.87,0,300000000.00,300000000.00
Sep 08 2021,OKB,$19.31,0,300000000.00,300000000.00
Sep 08 2021,OKB,$19.31,0,300000000.00,300000000.00
Sep 08 2021,OKB,$19.31,0,300000000.00,300000000.00
Sep 07 2021,OKB,$23.28,0,300000000.00,300000000.00
Sep 07 2021,OKB,$23.28,0,300000000.00,300000000.00
Sep 06 2021,OKB,$22.95,0,300000000.00,300000000.00
Sep 06 2021,OKB,$22.95,0,300000000.00,300000000.00
Sep 05 2021,OKB,$22.65,0,300000000.00,300000000.00
Sep 05 2021,OKB,$22.65,0,300000000.00,300000000.00
Sep 05 2021,OKB,$22.65,0,300000000.00,300000000.00
Sep 04 2021,OKB,$22.30,0,300000000.00,300000000.00
Sep 04 2021,OKB,$22.30,0,300000000.00,300000000.00
Sep 03 2021,OKB,$21.80,0,300000000.00,300000000.00
Sep 03 2021,OKB,$21.80,0,300000000.00,300000000.00
Sep 03 2021,OKB,$21.80,0,300000000.00,300000000.00
Sep 02 2021,OKB,$22.73,0,300000000.00,300000000.00
Sep 02 2021,OKB,$22.73,0,300000000.00,300000000.00
Sep 01 2021,OKB,$20.47,0,300000000.00,300000000.00
Sep 01 2021,OKB,$20.47,0,300000000.00,300000000.00
Sep 01 2021,OKB,$20.47,0,300000000.00,300000000.00
Aug 31 2021,OKB,$20.25,0,300000000.00,300000000.00
Aug 31 2021,OKB,$20.25,0,300000000.00,300000000.00
Aug 30 2021,OKB,$20.29,0,300000000.00,300000000.00
Aug 30 2021,OKB,$20.29,0,300000000.00,300000000.00
Aug 29 2021,OKB,$20.50,0,300000000.00,300000000.00
Aug 29 2021,OKB,$20.50,0,300000000.00,300000000.00
Aug 29 2021,OKB,$20.50,0,300000000.00,300000000.00
Aug 28 2021,OKB,$20.84,0,300000000.00,300000000.00
Aug 28 2021,OKB,$20.84,0,300000000.00,300000000.00
Aug 27 2021,OKB,$20.33,0,300000000.00,300000000.00
Aug 27 2021,OKB,$20.33,0,300000000.00,300000000.00
Aug 27 2021,OKB,$20.33,0,300000000.00,300000000.00
Aug 26 2021,OKB,$21.45,0,300000000.00,300000000.00
Aug 26 2021,OKB,$21.45,0,300000000.00,300000000.00
Aug 25 2021,OKB,$20.97,0,300000000.00,300000000.00
Aug 25 2021,OKB,$20.97,0,300000000.00,300000000.00
Aug 25 2021,OKB,$20.97,0,300000000.00,300000000.00
Aug 24 2021,OKB,$21.75,0,300000000.00,300000000.00
Aug 24 2021,OKB,$21.75,0,300000000.00,300000000.00
Aug 23 2021,OKB,$21.31,0,300000000.00,300000000.00
Aug 23 2021,OKB,$21.31,0,300000000.00,300000000.00
Aug 22 2021,OKB,$21.36,0,300000000.00,300000000.00
Aug 22 2021,OKB,$21.36,0,300000000.00,300000000.00
Aug 22 2021,OKB,$21.36,0,300000000.00,300000000.00
Aug 21 2021,OKB,$22.34,0,300000000.00,300000000.00
Aug 21 2021,OKB,$22.34,0,300000000.00,300000000.00
Aug 20 2021,OKB,$21.99,0,300000000.00,300000000.00
Aug 20 2021,OKB,$21.99,0,300000000.00,300000000.00
Aug 20 2021,OKB,$21.99,0,300000000.00,300000000.00
Aug 19 2021,OKB,$20.71,0,300000000.00,300000000.00
Aug 19 2021,OKB,$20.71,0,300000000.00,300000000.00
Aug 18 2021,OKB,$20.71,0,300000000.00,300000000.00
Aug 18 2021,OKB,$20.71,0,300000000.00,300000000.00
Aug 18 2021,OKB,$20.71,0,300000000.00,300000000.00
Aug 17 2021,OKB,$22.16,0,300000000.00,300000000.00
Aug 17 2021,OKB,$22.16,0,300000000.00,300000000.00
Aug 16 2021,OKB,$22.51,0,300000000.00,300000000.00
Aug 16 2021,OKB,$22.51,0,300000000.00,300000000.00
Aug 15 2021,OKB,$22.55,0,300000000.00,300000000.00
Aug 15 2021,OKB,$22.55,0,300000000.00,300000000.00
Aug 15 2021,OKB,$22.55,0,300000000.00,300000000.00
Aug 14 2021,OKB,$23.30,0,300000000.00,300000000.00
Aug 14 2021,OKB,$23.30,0,300000000.00,300000000.00
Aug 13 2021,OKB,$22.91,0,300000000.00,300000000.00
Aug 13 2021,OKB,$22.91,0,300000000.00,300000000.00
Aug 13 2021,OKB,$22.91,0,300000000.00,300000000.00
Aug 12 2021,OKB,$23.58,0,300000000.00,300000000.00
Aug 12 2021,OKB,$23.58,0,300000000.00,300000000.00
Aug 11 2021,OKB,$23.90,0,300000000.00,300000000.00
Aug 11 2021,OKB,$23.90,0,300000000.00,300000000.00
Aug 11 2021,OKB,$23.90,0,300000000.00,300000000.00
Aug 10 2021,OKB,$24.24,0,300000000.00,300000000.00
Aug 10 2021,OKB,$24.24,0,300000000.00,300000000.00
Aug 09 2021,OKB,$22.31,0,300000000.00,300000000.00
Aug 09 2021,OKB,$22.31,0,300000000.00,300000000.00
Aug 08 2021,OKB,$25.10,0,300000000.00,300000000.00
Aug 08 2021,OKB,$25.10,0,300000000.00,300000000.00
Aug 08 2021,OKB,$25.10,0,300000000.00,300000000.00
Aug 07 2021,OKB,$21.36,0,300000000.00,300000000.00
Aug 07 2021,OKB,$21.36,0,300000000.00,300000000.00
Aug 06 2021,OKB,$20.41,0,300000000.00,300000000.00
Aug 06 2021,OKB,$20.41,0,300000000.00,300000000.00
Aug 06 2021,OKB,$20.41,0,300000000.00,300000000.00
Aug 05 2021,OKB,$18.73,0,300000000.00,300000000.00
Aug 05 2021,OKB,$18.73,0,300000000.00,300000000.00
Aug 04 2021,OKB,$17.48,0,300000000.00,300000000.00
Aug 04 2021,OKB,$17.48,0,300000000.00,300000000.00
Aug 03 2021,OKB,$18.77,0,300000000.00,300000000.00
Aug 03 2021,OKB,$18.77,0,300000000.00,300000000.00
Aug 03 2021,OKB,$18.77,0,300000000.00,300000000.00
Aug 02 2021,OKB,$19.36,0,300000000.00,300000000.00
Aug 02 2021,OKB,$19.36,0,300000000.00,300000000.00
Aug 01 2021,OKB,$19.60,0,300000000.00,300000000.00
Aug 01 2021,OKB,$19.60,0,300000000.00,300000000.00
Aug 01 2021,OKB,$19.60,0,300000000.00,300000000.00
Jul 31 2021,OKB,$18.74,0,300000000.00,300000000.00
Jul 31 2021,OKB,$18.74,0,300000000.00,300000000.00
Jul 30 2021,OKB,$18.20,0,300000000.00,300000000.00
Jul 30 2021,OKB,$18.20,0,300000000.00,300000000.00
Jul 30 2021,OKB,$18.20,0,300000000.00,300000000.00
Jul 29 2021,OKB,$17.69,0,300000000.00,300000000.00
Jul 29 2021,OKB,$17.69,0,300000000.00,300000000.00
Jul 28 2021,OKB,$18.12,0,300000000.00,300000000.00
Jul 28 2021,OKB,$18.12,0,300000000.00,300000000.00
Jul 27 2021,OKB,$15.83,0,300000000.00,300000000.00
Jul 27 2021,OKB,$15.83,0,300000000.00,300000000.00
Jul 27 2021,OKB,$15.83,0,300000000.00,300000000.00
Jul 26 2021,OKB,$15.16,0,300000000.00,300000000.00
Jul 26 2021,OKB,$15.16,0,300000000.00,300000000.00
Jul 25 2021,OKB,$14.00,0,300000000.00,300000000.00
Jul 25 2021,OKB,$14.00,0,300000000.00,300000000.00
Jul 25 2021,OKB,$14.00,0,300000000.00,300000000.00
Jul 24 2021,OKB,$13.42,0,300000000.00,300000000.00
Jul 24 2021,OKB,$13.42,0,300000000.00,300000000.00
Jul 23 2021,OKB,$12.95,0,300000000.00,300000000.00
Jul 23 2021,OKB,$12.95,0,300000000.00,300000000.00
Jul 23 2021,OKB,$12.95,0,300000000.00,300000000.00
Jul 22 2021,OKB,$11.22,0,300000000.00,300000000.00
Jul 22 2021,OKB,$11.22,0,300000000.00,300000000.00
Jul 21 2021,OKB,$10.03,0,300000000.00,300000000.00
Jul 21 2021,OKB,$10.03,0,300000000.00,300000000.00
Jul 20 2021,OKB,$10.32,0,300000000.00,300000000.00
Jul 20 2021,OKB,$10.32,0,300000000.00,300000000.00
Jul 20 2021,OKB,$10.32,0,300000000.00,300000000.00
Jul 19 2021,OKB,$10.89,0,300000000.00,300000000.00
Jul 19 2021,OKB,$10.89,0,300000000.00,300000000.00
Jul 18 2021,OKB,$10.80,0,300000000.00,300000000.00
Jul 18 2021,OKB,$10.80,0,300000000.00,300000000.00
Jul 18 2021,OKB,$10.80,0,300000000.00,300000000.00
Jul 17 2021,OKB,$10.87,0,300000000.00,300000000.00
Jul 17 2021,OKB,$10.87,0,300000000.00,300000000.00
Jul 16 2021,OKB,$10.94,0,300000000.00,300000000.00
Jul 16 2021,OKB,$10.94,0,300000000.00,300000000.00
Jul 16 2021,OKB,$10.94,0,300000000.00,300000000.00
Jul 15 2021,OKB,$11.19,0,300000000.00,300000000.00
Jul 15 2021,OKB,$11.19,0,300000000.00,300000000.00
Jul 14 2021,OKB,$10.85,0,300000000.00,300000000.00
Jul 14 2021,OKB,$10.85,0,300000000.00,300000000.00
Jul 13 2021,OKB,$10.94,0,300000000.00,300000000.00
Jul 13 2021,OKB,$10.94,0,300000000.00,300000000.00
Jul 13 2021,OKB,$10.94,0,300000000.00,300000000.00
Jul 12 2021,OKB,$9.88,0,300000000.00,300000000.00
Jul 12 2021,OKB,$9.88,0,300000000.00,300000000.00
Jul 11 2021,OKB,$9.78,0,300000000.00,300000000.00
Jul 11 2021,OKB,$9.78,0,300000000.00,300000000.00
Jul 11 2021,OKB,$9.78,0,300000000.00,300000000.00
Jul 10 2021,OKB,$9.98,0,300000000.00,300000000.00
Jul 10 2021,OKB,$9.98,0,300000000.00,300000000.00
Jul 09 2021,OKB,$10.00,0,300000000.00,300000000.00
Jul 09 2021,OKB,$10.00,0,300000000.00,300000000.00
Jul 09 2021,OKB,$10.00,0,300000000.00,300000000.00
Jul 08 2021,OKB,$10.54,0,300000000.00,300000000.00
Jul 08 2021,OKB,$10.54,0,300000000.00,300000000.00
Jul 07 2021,OKB,$10.51,0,300000000.00,300000000.00
Jul 07 2021,OKB,$10.51,0,300000000.00,300000000.00
Jul 06 2021,OKB,$10.36,0,300000000.00,300000000.00
Jul 06 2021,OKB,$10.36,0,300000000.00,300000000.00
Jul 06 2021,OKB,$10.36,0,300000000.00,300000000.00
Jul 05 2021,OKB,$10.78,0,300000000.00,300000000.00
Jul 05 2021,OKB,$10.78,0,300000000.00,300000000.00
Jul 04 2021,OKB,$10.66,0,300000000.00,300000000.00
Jul 04 2021,OKB,$10.66,0,300000000.00,300000000.00
Jul 04 2021,OKB,$10.66,0,300000000.00,300000000.00
Jul 03 2021,OKB,$10.41,0,300000000.00,300000000.00
Jul 03 2021,OKB,$10.41,0,300000000.00,300000000.00
Jul 02 2021,OKB,$10.52,0,300000000.00,300000000.00
Jul 02 2021,OKB,$10.52,0,300000000.00,300000000.00
Jul 02 2021,OKB,$10.52,0,300000000.00,300000000.00
Jul 01 2021,OKB,$11.02,0,300000000.00,300000000.00
Jul 01 2021,OKB,$11.02,0,300000000.00,300000000.00
Jun 30 2021,OKB,$10.80,0,300000000.00,300000000.00
Jun 30 2021,OKB,$10.80,0,300000000.00,300000000.00
Jun 29 2021,OKB,$10.41,0,300000000.00,300000000.00
Jun 29 2021,OKB,$10.41,0,300000000.00,300000000.00
Jun 29 2021,OKB,$10.41,0,300000000.00,300000000.00
Jun 28 2021,OKB,$9.92,0,300000000.00,300000000.00
Jun 28 2021,OKB,$9.92,0,300000000.00,300000000.00
Jun 27 2021,OKB,$9.58,0,300000000.00,300000000.00
Jun 27 2021,OKB,$9.58,0,300000000.00,300000000.00
Jun 27 2021,OKB,$9.58,0,300000000.00,300000000.00
Jun 26 2021,OKB,$9.85,0,300000000.00,300000000.00
Jun 26 2021,OKB,$9.85,0,300000000.00,300000000.00
Jun 25 2021,OKB,$10.49,0,300000000.00,300000000.00
Jun 25 2021,OKB,$10.49,0,300000000.00,300000000.00
Jun 25 2021,OKB,$10.49,0,300000000.00,300000000.00
Jun 24 2021,OKB,$9.91,0,300000000.00,300000000.00
Jun 24 2021,OKB,$9.91,0,300000000.00,300000000.00
Jun 23 2021,OKB,$9.06,0,300000000.00,300000000.00
Jun 23 2021,OKB,$9.06,0,300000000.00,300000000.00
Jun 22 2021,OKB,$10.34,0,300000000.00,300000000.00
Jun 22 2021,OKB,$10.34,0,300000000.00,300000000.00
Jun 22 2021,OKB,$10.34,0,300000000.00,300000000.00
Jun 21 2021,OKB,$12.66,0,300000000.00,300000000.00
Jun 21 2021,OKB,$12.66,0,300000000.00,300000000.00
Jun 20 2021,OKB,$12.56,0,300000000.00,300000000.00
Jun 20 2021,OKB,$12.56,0,300000000.00,300000000.00
Jun 20 2021,OKB,$12.56,0,300000000.00,300000000.00
Jun 19 2021,OKB,$13.00,0,300000000.00,300000000.00
Jun 19 2021,OKB,$13.00,0,300000000.00,300000000.00
Jun 18 2021,OKB,$13.30,0,300000000.00,300000000.00
Jun 18 2021,OKB,$13.30,0,300000000.00,300000000.00
Jun 17 2021,OKB,$13.44,0,300000000.00,300000000.00
Jun 17 2021,OKB,$13.44,0,300000000.00,300000000.00
Jun 17 2021,OKB,$13.44,0,300000000.00,300000000.00
Jun 16 2021,OKB,$14.67,0,300000000.00,300000000.00
Jun 16 2021,OKB,$14.67,0,300000000.00,300000000.00
Jun 15 2021,OKB,$14.70,0,300000000.00,300000000.00
Jun 15 2021,OKB,$14.70,0,300000000.00,300000000.00
Jun 15 2021,OKB,$14.70,0,300000000.00,300000000.00
Jun 14 2021,OKB,$13.96,0,300000000.00,300000000.00
Jun 14 2021,OKB,$13.96,0,300000000.00,300000000.00
Jun 13 2021,OKB,$13.22,0,300000000.00,300000000.00
Jun 13 2021,OKB,$13.22,0,300000000.00,300000000.00
Jun 13 2021,OKB,$13.22,0,300000000.00,300000000.00
Jun 12 2021,OKB,$13.91,0,300000000.00,300000000.00
Jun 12 2021,OKB,$13.91,0,300000000.00,300000000.00
Jun 11 2021,OKB,$14.29,0,300000000.00,300000000.00
Jun 11 2021,OKB,$14.29,0,300000000.00,300000000.00
Jun 10 2021,OKB,$14.83,0,300000000.00,300000000.00
Jun 10 2021,OKB,$14.83,0,300000000.00,300000000.00
Jun 10 2021,OKB,$14.83,0,300000000.00,300000000.00
Jun 09 2021,OKB,$14.37,0,300000000.00,300000000.00
Jun 09 2021,OKB,$14.37,0,300000000.00,300000000.00
Jun 08 2021,OKB,$14.68,0,300000000.00,300000000.00
Jun 08 2021,OKB,$14.68,0,300000000.00,300000000.00
Jun 08 2021,OKB,$14.68,0,300000000.00,300000000.00
Jun 07 2021,OKB,$16.23,0,300000000.00,300000000.00
Jun 07 2021,OKB,$16.23,0,300000000.00,300000000.00
Jun 06 2021,OKB,$16.22,0,300000000.00,300000000.00
Jun 06 2021,OKB,$16.22,0,300000000.00,300000000.00
Jun 06 2021,OKB,$16.22,0,300000000.00,300000000.00
Jun 05 2021,OKB,$16.21,0,300000000.00,300000000.00
Jun 05 2021,OKB,$16.21,0,300000000.00,300000000.00
Jun 04 2021,OKB,$18.04,0,300000000.00,300000000.00
Jun 04 2021,OKB,$18.04,0,300000000.00,300000000.00
Jun 03 2021,OKB,$17.83,0,300000000.00,300000000.00
Jun 03 2021,OKB,$17.83,0,300000000.00,300000000.00
Jun 03 2021,OKB,$17.83,0,300000000.00,300000000.00
Jun 02 2021,OKB,$13.43,0,300000000.00,300000000.00
Jun 02 2021,OKB,$13.43,0,300000000.00,300000000.00
Jun 01 2021,OKB,$13.73,0,300000000.00,300000000.00
Jun 01 2021,OKB,$13.73,0,300000000.00,300000000.00
Jun 01 2021,OKB,$13.73,0,300000000.00,300000000.00
May 31 2021,OKB,$13.16,0,300000000.00,300000000.00
May 31 2021,OKB,$13.16,0,300000000.00,300000000.00
May 30 2021,OKB,$13.00,0,300000000.00,300000000.00
May 30 2021,OKB,$13.00,0,300000000.00,300000000.00
May 30 2021,OKB,$13.00,0,300000000.00,300000000.00
May 29 2021,OKB,$13.27,0,300000000.00,300000000.00
May 29 2021,OKB,$13.27,0,300000000.00,300000000.00
May 28 2021,OKB,$14.46,0,300000000.00,300000000.00
May 28 2021,OKB,$14.46,0,300000000.00,300000000.00
May 27 2021,OKB,$14.84,0,300000000.00,300000000.00
May 27 2021,OKB,$14.84,0,300000000.00,300000000.00
May 27 2021,OKB,$14.84,0,300000000.00,300000000.00
May 26 2021,OKB,$14.46,0,300000000.00,300000000.00
May 26 2021,OKB,$14.46,0,300000000.00,300000000.00
May 25 2021,OKB,$15.21,0,300000000.00,300000000.00
May 25 2021,OKB,$15.21,0,300000000.00,300000000.00
May 25 2021,OKB,$15.21,0,300000000.00,300000000.00
May 24 2021,OKB,$12.28,0,300000000.00,300000000.00
May 24 2021,OKB,$12.28,0,300000000.00,300000000.00
May 23 2021,OKB,$13.60,0,300000000.00,300000000.00
May 23 2021,OKB,$13.60,0,300000000.00,300000000.00
May 23 2021,OKB,$13.60,0,300000000.00,300000000.00
May 22 2021,OKB,$14.39,0,300000000.00,300000000.00
May 22 2021,OKB,$14.39,0,300000000.00,300000000.00
May 21 2021,OKB,$21.03,0,300000000.00,300000000.00
May 21 2021,OKB,$21.03,0,300000000.00,300000000.00
May 20 2021,OKB,$17.92,0,300000000.00,300000000.00
May 20 2021,OKB,$17.92,0,300000000.00,300000000.00
May 20 2021,OKB,$17.92,0,300000000.00,300000000.00
May 19 2021,OKB,$27.04,0,300000000.00,300000000.00
May 19 2021,OKB,$27.04,0,300000000.00,300000000.00
May 18 2021,OKB,$27.43,0,300000000.00,300000000.00
May 18 2021,OKB,$27.43,0,300000000.00,300000000.00
May 18 2021,OKB,$27.43,0,300000000.00,300000000.00
May 17 2021,OKB,$30.73,0,300000000.00,300000000.00
May 17 2021,OKB,$30.73,0,300000000.00,300000000.00
May 16 2021,OKB,$32.23,0,300000000.00,300000000.00
May 16 2021,OKB,$32.23,0,300000000.00,300000000.00
May 16 2021,OKB,$32.23,0,300000000.00,300000000.00
May 15 2021,OKB,$34.17,0,300000000.00,300000000.00
May 15 2021,OKB,$34.17,0,300000000.00,300000000.00
May 14 2021,OKB,$35.04,0,300000000.00,300000000.00
May 14 2021,OKB,$35.04,0,300000000.00,300000000.00
May 13 2021,OKB,$33.52,0,300000000.00,300000000.00
May 13 2021,OKB,$33.52,0,300000000.00,300000000.00
May 13 2021,OKB,$33.52,0,300000000.00,300000000.00
May 12 2021,OKB,$34.50,0,300000000.00,300000000.00
May 12 2021,OKB,$34.50,0,300000000.00,300000000.00
May 11 2021,OKB,$32.53,0,300000000.00,300000000.00
May 11 2021,OKB,$32.53,0,300000000.00,300000000.00
May 11 2021,OKB,$32.53,0,300000000.00,300000000.00
May 10 2021,OKB,$32.75,0,300000000.00,300000000.00
May 10 2021,OKB,$32.75,0,300000000.00,300000000.00
May 09 2021,OKB,$32.19,0,300000000.00,300000000.00
May 09 2021,OKB,$32.19,0,300000000.00,300000000.00
May 09 2021,OKB,$32.19,0,300000000.00,300000000.00
May 08 2021,OKB,$33.10,0,300000000.00,300000000.00
May 08 2021,OKB,$33.10,0,300000000.00,300000000.00
May 07 2021,OKB,$32.75,0,300000000.00,300000000.00
May 07 2021,OKB,$32.75,0,300000000.00,300000000.00
May 06 2021,OKB,$37.40,0,300000000.00,300000000.00
May 06 2021,OKB,$37.40,0,300000000.00,300000000.00
May 06 2021,OKB,$37.40,0,300000000.00,300000000.00
May 05 2021,OKB,$36.71,0,300000000.00,300000000.00
May 05 2021,OKB,$36.71,0,300000000.00,300000000.00
May 04 2021,OKB,$39.63,0,300000000.00,300000000.00
May 04 2021,OKB,$39.63,0,300000000.00,300000000.00
May 04 2021,OKB,$39.63,0,300000000.00,300000000.00
May 03 2021,OKB,$41.59,0,300000000.00,300000000.00
May 03 2021,OKB,$41.59,0,300000000.00,300000000.00
May 02 2021,OKB,$33.87,0,300000000.00,300000000.00
May 02 2021,OKB,$33.87,0,300000000.00,300000000.00
May 01 2021,OKB,$21.31,0,300000000.00,300000000.00
May 01 2021,OKB,$21.31,0,300000000.00,300000000.00
May 01 2021,OKB,$21.31,0,300000000.00,300000000.00
Apr 30 2021,OKB,$19.95,0,300000000.00,300000000.00
Apr 30 2021,OKB,$19.95,0,300000000.00,300000000.00
Apr 29 2021,OKB,$17.29,0,300000000.00,300000000.00
Apr 29 2021,OKB,$17.29,0,300000000.00,300000000.00
Apr 29 2021,OKB,$17.29,0,300000000.00,300000000.00
Apr 28 2021,OKB,$17.71,0,300000000.00,300000000.00
Apr 28 2021,OKB,$17.71,0,300000000.00,300000000.00
Apr 27 2021,OKB,$17.48,0,300000000.00,300000000.00
Apr 27 2021,OKB,$17.48,0,300000000.00,300000000.00
Apr 27 2021,OKB,$17.48,0,300000000.00,300000000.00
Apr 26 2021,OKB,$16.40,0,300000000.00,300000000.00
Apr 26 2021,OKB,$16.40,0,300000000.00,300000000.00
Apr 25 2021,OKB,$16.57,0,300000000.00,300000000.00
Apr 25 2021,OKB,$16.57,0,300000000.00,300000000.00
Apr 24 2021,OKB,$16.60,0,300000000.00,300000000.00
Apr 24 2021,OKB,$16.60,0,300000000.00,300000000.00
Apr 24 2021,OKB,$16.60,0,300000000.00,300000000.00
Apr 23 2021,OKB,$16.71,0,300000000.00,300000000.00
Apr 23 2021,OKB,$16.71,0,300000000.00,300000000.00
Apr 22 2021,OKB,$17.37,0,300000000.00,300000000.00
Apr 22 2021,OKB,$17.37,0,300000000.00,300000000.00
Apr 22 2021,OKB,$17.37,0,300000000.00,300000000.00
Apr 21 2021,OKB,$17.54,0,300000000.00,300000000.00
Apr 21 2021,OKB,$17.54,0,300000000.00,300000000.00
Apr 20 2021,OKB,$16.18,0,300000000.00,300000000.00
Apr 20 2021,OKB,$16.18,0,300000000.00,300000000.00
Apr 20 2021,OKB,$16.18,0,300000000.00,300000000.00
Apr 19 2021,OKB,$17.63,0,300000000.00,300000000.00
Apr 19 2021,OKB,$17.63,0,300000000.00,300000000.00
Apr 18 2021,OKB,$18.44,0,300000000.00,300000000.00
Apr 18 2021,OKB,$18.44,0,300000000.00,300000000.00
Apr 17 2021,OKB,$18.97,0,300000000.00,300000000.00
Apr 17 2021,OKB,$18.97,0,300000000.00,300000000.00
Apr 17 2021,OKB,$18.97,0,300000000.00,300000000.00
Apr 17 2021,OKB,$18.97,0,300000000.00,300000000.00
Apr 16 2021,OKB,$20.66,0,300000000.00,300000000.00
Apr 16 2021,OKB,$20.66,0,300000000.00,300000000.00
Apr 15 2021,OKB,$20.06,0,300000000.00,300000000.00
Apr 15 2021,OKB,$20.06,0,300000000.00,300000000.00
Apr 15 2021,OKB,$20.06,0,300000000.00,300000000.00
Apr 14 2021,OKB,$21.62,0,300000000.00,300000000.00
Apr 14 2021,OKB,$21.62,0,300000000.00,300000000.00
Apr 13 2021,OKB,$22.74,0,300000000.00,300000000.00
Apr 13 2021,OKB,$22.74,0,300000000.00,300000000.00
Apr 13 2021,OKB,$22.74,0,300000000.00,300000000.00
Apr 12 2021,OKB,$22.10,0,300000000.00,300000000.00
Apr 12 2021,OKB,$22.10,0,300000000.00,300000000.00
Apr 11 2021,OKB,$20.71,0,300000000.00,300000000.00
Apr 11 2021,OKB,$20.71,0,300000000.00,300000000.00
Apr 10 2021,OKB,$19.39,0,300000000.00,300000000.00
Apr 10 2021,OKB,$19.39,0,300000000.00,300000000.00
Apr 10 2021,OKB,$19.39,0,300000000.00,300000000.00
Apr 09 2021,OKB,$19.18,0,300000000.00,300000000.00
Apr 09 2021,OKB,$19.18,0,300000000.00,300000000.00
Apr 08 2021,OKB,$18.11,0,300000000.00,300000000.00
Apr 08 2021,OKB,$18.11,0,300000000.00,300000000.00
Apr 08 2021,OKB,$18.11,0,300000000.00,300000000.00
Apr 07 2021,OKB,$18.45,0,300000000.00,300000000.00
Apr 07 2021,OKB,$18.45,0,300000000.00,300000000.00
Apr 06 2021,OKB,$17.64,0,300000000.00,300000000.00
Apr 06 2021,OKB,$17.64,0,300000000.00,300000000.00
Apr 06 2021,OKB,$17.64,0,300000000.00,300000000.00
Apr 05 2021,OKB,$16.85,0,300000000.00,300000000.00
Apr 05 2021,OKB,$16.85,0,300000000.00,300000000.00
Apr 04 2021,OKB,$15.88,0,300000000.00,300000000.00
Apr 04 2021,OKB,$15.88,0,300000000.00,300000000.00
Apr 03 2021,OKB,$17.47,0,300000000.00,300000000.00
Apr 03 2021,OKB,$17.47,0,300000000.00,300000000.00
Apr 03 2021,OKB,$17.47,0,300000000.00,300000000.00
Apr 02 2021,OKB,$17.09,0,300000000.00,300000000.00
Apr 02 2021,OKB,$17.09,0,300000000.00,300000000.00
Apr 01 2021,OKB,$16.96,0,300000000.00,300000000.00
Apr 01 2021,OKB,$16.96,0,300000000.00,300000000.00
Apr 01 2021,OKB,$16.96,0,300000000.00,300000000.00
Mar 31 2021,OKB,$16.30,0,300000000.00,300000000.00
Mar 31 2021,OKB,$16.30,0,300000000.00,300000000.00
Mar 30 2021,OKB,$14.70,0,300000000.00,300000000.00
Mar 30 2021,OKB,$14.70,0,300000000.00,300000000.00
Mar 30 2021,OKB,$14.70,0,300000000.00,300000000.00
Mar 29 2021,OKB,$13.54,0,300000000.00,300000000.00
Mar 29 2021,OKB,$13.54,0,300000000.00,300000000.00
Mar 28 2021,OKB,$12.63,0,300000000.00,300000000.00
Mar 28 2021,OKB,$12.63,0,300000000.00,300000000.00
Mar 27 2021,OKB,$12.78,0,300000000.00,300000000.00
Mar 27 2021,OKB,$12.78,0,300000000.00,300000000.00
Mar 27 2021,OKB,$12.78,0,300000000.00,300000000.00
Mar 26 2021,OKB,$12.10,0,300000000.00,300000000.00
Mar 26 2021,OKB,$12.10,0,300000000.00,300000000.00
Mar 25 2021,OKB,$12.86,0,300000000.00,300000000.00
Mar 25 2021,OKB,$12.86,0,300000000.00,300000000.00
Mar 25 2021,OKB,$12.86,0,300000000.00,300000000.00
Mar 24 2021,OKB,$13.53,0,300000000.00,300000000.00
Mar 24 2021,OKB,$13.53,0,300000000.00,300000000.00
Mar 23 2021,OKB,$13.63,0,300000000.00,300000000.00
Mar 23 2021,OKB,$13.63,0,300000000.00,300000000.00
Mar 23 2021,OKB,$13.63,0,300000000.00,300000000.00
Mar 22 2021,OKB,$14.12,0,300000000.00,300000000.00
Mar 22 2021,OKB,$14.12,0,300000000.00,300000000.00
Mar 21 2021,OKB,$14.49,0,300000000.00,300000000.00
Mar 21 2021,OKB,$14.49,0,300000000.00,300000000.00
Mar 20 2021,OKB,$14.55,0,300000000.00,300000000.00
Mar 20 2021,OKB,$14.55,0,300000000.00,300000000.00
Mar 20 2021,OKB,$14.55,0,300000000.00,300000000.00
Mar 19 2021,OKB,$14.50,0,300000000.00,300000000.00
Mar 19 2021,OKB,$14.50,0,300000000.00,300000000.00
Mar 18 2021,OKB,$14.76,0,300000000.00,300000000.00
Mar 18 2021,OKB,$14.76,0,300000000.00,300000000.00
Mar 18 2021,OKB,$14.76,0,300000000.00,300000000.00
Mar 17 2021,OKB,$14.83,0,300000000.00,300000000.00
Mar 17 2021,OKB,$14.83,0,300000000.00,300000000.00
Mar 16 2021,OKB,$14.77,0,300000000.00,300000000.00
Mar 16 2021,OKB,$14.77,0,300000000.00,300000000.00
Mar 15 2021,OKB,$15.84,0,300000000.00,300000000.00
Mar 15 2021,OKB,$15.84,0,300000000.00,300000000.00
Mar 15 2021,OKB,$15.84,0,300000000.00,300000000.00
Mar 14 2021,OKB,$16.08,0,300000000.00,300000000.00
Mar 14 2021,OKB,$16.08,0,300000000.00,300000000.00
Mar 13 2021,OKB,$15.79,0,300000000.00,300000000.00
Mar 13 2021,OKB,$15.79,0,300000000.00,300000000.00
Mar 13 2021,OKB,$15.79,0,300000000.00,300000000.00
Mar 12 2021,OKB,$16.44,0,300000000.00,300000000.00
Mar 12 2021,OKB,$16.44,0,300000000.00,300000000.00
Mar 11 2021,OKB,$16.65,0,300000000.00,300000000.00
Mar 11 2021,OKB,$16.65,0,300000000.00,300000000.00
Mar 11 2021,OKB,$16.65,0,300000000.00,300000000.00
Mar 10 2021,OKB,$17.91,0,300000000.00,300000000.00
Mar 10 2021,OKB,$17.91,0,300000000.00,300000000.00
Mar 09 2021,OKB,$16.87,0,300000000.00,300000000.00
Mar 09 2021,OKB,$16.87,0,300000000.00,300000000.00
Mar 08 2021,OKB,$17.53,0,300000000.00,300000000.00
Mar 08 2021,OKB,$17.53,0,300000000.00,300000000.00
Mar 08 2021,OKB,$17.53,0,300000000.00,300000000.00
Mar 07 2021,OKB,$17.03,0,300000000.00,300000000.00
Mar 07 2021,OKB,$17.03,0,300000000.00,300000000.00
Mar 06 2021,OKB,$17.28,0,300000000.00,300000000.00
Mar 06 2021,OKB,$17.28,0,300000000.00,300000000.00
Mar 06 2021,OKB,$17.28,0,300000000.00,300000000.00
Mar 05 2021,OKB,$17.66,0,300000000.00,300000000.00
Mar 05 2021,OKB,$17.66,0,300000000.00,300000000.00
Mar 04 2021,OKB,$17.16,0,300000000.00,300000000.00
Mar 04 2021,OKB,$17.16,0,300000000.00,300000000.00
Mar 04 2021,OKB,$17.16,0,300000000.00,300000000.00
Mar 03 2021,OKB,$17.06,0,300000000.00,300000000.00
Mar 03 2021,OKB,$17.06,0,300000000.00,300000000.00
Mar 02 2021,OKB,$17.92,0,300000000.00,300000000.00
Mar 02 2021,OKB,$17.92,0,300000000.00,300000000.00
Mar 01 2021,OKB,$15.63,0,300000000.00,300000000.00
Mar 01 2021,OKB,$15.63,0,300000000.00,300000000.00
Mar 01 2021,OKB,$15.63,0,300000000.00,300000000.00
Feb 28 2021,OKB,$18.44,0,300000000.00,300000000.00
Feb 28 2021,OKB,$18.44,0,300000000.00,300000000.00
Feb 27 2021,OKB,$16.40,0,300000000.00,300000000.00
Feb 27 2021,OKB,$16.40,0,300000000.00,300000000.00
Feb 27 2021,OKB,$16.40,0,300000000.00,300000000.00
Feb 26 2021,OKB,$16.96,0,300000000.00,300000000.00
Feb 26 2021,OKB,$16.96,0,300000000.00,300000000.00
Feb 25 2021,OKB,$18.77,0,300000000.00,300000000.00
Feb 25 2021,OKB,$18.77,0,300000000.00,300000000.00
Feb 25 2021,OKB,$18.77,0,300000000.00,300000000.00
Feb 24 2021,OKB,$17.02,0,300000000.00,300000000.00
Feb 24 2021,OKB,$17.02,0,300000000.00,300000000.00
Feb 23 2021,OKB,$20.21,0,300000000.00,300000000.00
Feb 23 2021,OKB,$20.21,0,300000000.00,300000000.00
Feb 22 2021,OKB,$21.52,0,300000000.00,300000000.00
Feb 22 2021,OKB,$21.52,0,300000000.00,300000000.00
Feb 22 2021,OKB,$21.52,0,300000000.00,300000000.00
Feb 21 2021,OKB,$13.79,0,300000000.00,300000000.00
Feb 21 2021,OKB,$13.79,0,300000000.00,300000000.00
Feb 20 2021,OKB,$16.87,0,300000000.00,300000000.00
Feb 20 2021,OKB,$16.87,0,300000000.00,300000000.00
Feb 20 2021,OKB,$16.87,0,300000000.00,300000000.00
Feb 19 2021,OKB,$10.63,0,300000000.00,300000000.00
Feb 19 2021,OKB,$10.63,0,300000000.00,300000000.00
Feb 18 2021,OKB,$9.79,0,300000000.00,300000000.00
Feb 18 2021,OKB,$9.79,0,300000000.00,300000000.00
Feb 18 2021,OKB,$9.79,0,300000000.00,300000000.00
Feb 17 2021,OKB,$8.26,0,300000000.00,300000000.00
Feb 17 2021,OKB,$8.26,0,300000000.00,300000000.00
Feb 16 2021,OKB,$8.37,0,300000000.00,300000000.00
Feb 16 2021,OKB,$8.37,0,300000000.00,300000000.00
Feb 15 2021,OKB,$8.75,0,300000000.00,300000000.00
Feb 15 2021,OKB,$8.75,0,300000000.00,300000000.00
Feb 15 2021,OKB,$8.75,0,300000000.00,300000000.00
Feb 14 2021,OKB,$8.95,0,300000000.00,300000000.00
Feb 14 2021,OKB,$8.95,0,300000000.00,300000000.00
Feb 13 2021,OKB,$9.08,0,300000000.00,300000000.00
Feb 13 2021,OKB,$9.08,0,300000000.00,300000000.00
Feb 13 2021,OKB,$9.08,0,300000000.00,300000000.00
Feb 12 2021,OKB,$8.60,0,300000000.00,300000000.00
Feb 12 2021,OKB,$8.60,0,300000000.00,300000000.00
Feb 11 2021,OKB,$9.20,0,300000000.00,300000000.00
Feb 11 2021,OKB,$9.20,0,300000000.00,300000000.00
Feb 11 2021,OKB,$9.20,0,300000000.00,300000000.00
Feb 10 2021,OKB,$8.36,0,300000000.00,300000000.00
Feb 10 2021,OKB,$8.36,0,300000000.00,300000000.00
Feb 09 2021,OKB,$6.35,0,300000000.00,300000000.00
Feb 09 2021,OKB,$6.35,0,300000000.00,300000000.00
Feb 08 2021,OKB,$6.26,0,300000000.00,300000000.00
Feb 08 2021,OKB,$6.26,0,300000000.00,300000000.00
Feb 08 2021,OKB,$6.26,0,300000000.00,300000000.00
Feb 07 2021,OKB,$6.56,0,300000000.00,300000000.00
Feb 07 2021,OKB,$6.56,0,300000000.00,300000000.00
Feb 06 2021,OKB,$6.60,0,300000000.00,300000000.00
Feb 06 2021,OKB,$6.60,0,300000000.00,300000000.00
Feb 06 2021,OKB,$6.60,0,300000000.00,300000000.00
Feb 05 2021,OKB,$6.06,0,300000000.00,300000000.00
Feb 05 2021,OKB,$6.06,0,300000000.00,300000000.00
Feb 04 2021,OKB,$6.22,0,300000000.00,300000000.00
Feb 04 2021,OKB,$6.22,0,300000000.00,300000000.00
Feb 04 2021,OKB,$6.22,0,300000000.00,300000000.00
Feb 03 2021,OKB,$5.86,0,300000000.00,300000000.00
Feb 03 2021,OKB,$5.86,0,300000000.00,300000000.00
Feb 02 2021,OKB,$5.77,0,300000000.00,300000000.00
Feb 02 2021,OKB,$5.77,0,300000000.00,300000000.00
Feb 01 2021,OKB,$5.74,0,300000000.00,300000000.00
Feb 01 2021,OKB,$5.74,0,300000000.00,300000000.00
Feb 01 2021,OKB,$5.74,0,300000000.00,300000000.00
Jan 31 2021,OKB,$5.39,0,300000000.00,300000000.00
Jan 31 2021,OKB,$5.39,0,300000000.00,300000000.00
Jan 30 2021,OKB,$5.44,0,300000000.00,300000000.00
Jan 30 2021,OKB,$5.44,0,300000000.00,300000000.00
Jan 30 2021,OKB,$5.44,0,300000000.00,300000000.00
Jan 29 2021,OKB,$5.47,0,300000000.00,300000000.00
Jan 29 2021,OKB,$5.47,0,300000000.00,300000000.00
Jan 28 2021,OKB,$5.29,0,300000000.00,300000000.00
Jan 28 2021,OKB,$5.29,0,300000000.00,300000000.00
Jan 27 2021,OKB,$5.60,0,300000000.00,300000000.00
Jan 27 2021,OKB,$5.60,0,300000000.00,300000000.00
Jan 27 2021,OKB,$5.60,0,300000000.00,300000000.00
Jan 26 2021,OKB,$5.81,0,300000000.00,300000000.00
Jan 26 2021,OKB,$5.81,0,300000000.00,300000000.00
Jan 25 2021,OKB,$5.90,0,300000000.00,300000000.00
Jan 25 2021,OKB,$5.90,0,300000000.00,300000000.00
Jan 25 2021,OKB,$5.90,0,300000000.00,300000000.00
Jan 24 2021,OKB,$5.90,0,300000000.00,300000000.00
Jan 24 2021,OKB,$5.90,0,300000000.00,300000000.00
Jan 23 2021,OKB,$5.94,0,300000000.00,300000000.00
Jan 23 2021,OKB,$5.94,0,300000000.00,300000000.00
Jan 23 2021,OKB,$5.94,0,300000000.00,300000000.00
Jan 22 2021,OKB,$5.95,0,300000000.00,300000000.00
Jan 22 2021,OKB,$5.95,0,300000000.00,300000000.00
Jan 21 2021,OKB,$6.41,0,300000000.00,300000000.00
Jan 21 2021,OKB,$6.41,0,300000000.00,300000000.00
Jan 20 2021,OKB,$6.12,0,300000000.00,300000000.00
Jan 20 2021,OKB,$6.12,0,300000000.00,300000000.00
Jan 20 2021,OKB,$6.12,0,300000000.00,300000000.00
Jan 19 2021,OKB,$6.58,0,300000000.00,300000000.00
Jan 19 2021,OKB,$6.58,0,300000000.00,300000000.00
Jan 18 2021,OKB,$6.29,0,300000000.00,300000000.00
Jan 18 2021,OKB,$6.29,0,300000000.00,300000000.00
Jan 18 2021,OKB,$6.29,0,300000000.00,300000000.00
Jan 17 2021,OKB,$6.08,0,300000000.00,300000000.00
Jan 17 2021,OKB,$6.08,0,300000000.00,300000000.00
Jan 16 2021,OKB,$5.87,0,300000000.00,300000000.00
Jan 16 2021,OKB,$5.87,0,300000000.00,300000000.00
Jan 16 2021,OKB,$5.87,0,300000000.00,300000000.00
Jan 15 2021,OKB,$6.20,0,300000000.00,300000000.00
Jan 15 2021,OKB,$6.20,0,300000000.00,300000000.00
Jan 14 2021,OKB,$6.46,0,300000000.00,300000000.00
Jan 14 2021,OKB,$6.46,0,300000000.00,300000000.00
Jan 13 2021,OKB,$6.37,0,300000000.00,300000000.00
Jan 13 2021,OKB,$6.37,0,300000000.00,300000000.00
Jan 13 2021,OKB,$6.37,0,300000000.00,300000000.00
Jan 12 2021,OKB,$6.35,0,300000000.00,300000000.00
Jan 12 2021,OKB,$6.35,0,300000000.00,300000000.00
Jan 11 2021,OKB,$7.05,0,300000000.00,300000000.00
Jan 11 2021,OKB,$7.05,0,300000000.00,300000000.00
Jan 11 2021,OKB,$7.05,0,300000000.00,300000000.00
Jan 10 2021,OKB,$7.29,0,300000000.00,300000000.00
Jan 10 2021,OKB,$7.29,0,300000000.00,300000000.00
Jan 09 2021,OKB,$7.17,0,300000000.00,300000000.00
Jan 09 2021,OKB,$7.17,0,300000000.00,300000000.00
Jan 09 2021,OKB,$7.17,0,300000000.00,300000000.00
Jan 08 2021,OKB,$7.47,0,300000000.00,300000000.00
Jan 08 2021,OKB,$7.47,0,300000000.00,300000000.00
Jan 07 2021,OKB,$7.45,0,300000000.00,300000000.00
Jan 07 2021,OKB,$7.45,0,300000000.00,300000000.00
Jan 06 2021,OKB,$7.52,0,300000000.00,300000000.00
Jan 06 2021,OKB,$7.52,0,300000000.00,300000000.00
Jan 06 2021,OKB,$7.52,0,300000000.00,300000000.00
Jan 05 2021,OKB,$7.05,0,300000000.00,300000000.00
Jan 05 2021,OKB,$7.05,0,300000000.00,300000000.00
Jan 04 2021,OKB,$7.53,0,300000000.00,300000000.00
Jan 04 2021,OKB,$7.53,0,300000000.00,300000000.00
Jan 04 2021,OKB,$7.53,0,300000000.00,300000000.00
Jan 03 2021,OKB,$8.31,0,300000000.00,300000000.00
Jan 03 2021,OKB,$8.31,0,300000000.00,300000000.00
Jan 02 2021,OKB,$9.21,0,300000000.00,300000000.00
Jan 02 2021,OKB,$9.21,0,300000000.00,300000000.00
Jan 02 2021,OKB,$9.21,0,300000000.00,300000000.00
Jan 01 2021,OKB,$7.79,0,300000000.00,300000000.00
Jan 01 2021,OKB,$7.79,0,300000000.00,300000000.00
Dec 31 2020,OKB,$7.63,0,300000000.00,300000000.00
Dec 31 2020,OKB,$7.63,0,300000000.00,300000000.00
Dec 30 2020,OKB,$7.63,0,300000000.00,300000000.00
Dec 30 2020,OKB,$7.63,0,300000000.00,300000000.00
Dec 30 2020,OKB,$7.63,0,300000000.00,300000000.00
Dec 29 2020,OKB,$7.53,0,300000000.00,300000000.00
Dec 29 2020,OKB,$7.53,0,300000000.00,300000000.00
Dec 28 2020,OKB,$6.54,0,300000000.00,300000000.00
Dec 28 2020,OKB,$6.54,0,300000000.00,300000000.00
Dec 28 2020,OKB,$6.54,0,300000000.00,300000000.00
Dec 27 2020,OKB,$6.11,0,300000000.00,300000000.00
Dec 27 2020,OKB,$6.11,0,300000000.00,300000000.00
Dec 26 2020,OKB,$6.17,0,300000000.00,300000000.00
Dec 26 2020,OKB,$6.17,0,300000000.00,300000000.00
Dec 26 2020,OKB,$6.17,0,300000000.00,300000000.00
Dec 25 2020,OKB,$6.06,0,300000000.00,300000000.00
Dec 25 2020,OKB,$6.06,0,300000000.00,300000000.00
Dec 24 2020,OKB,$5.96,0,300000000.00,300000000.00
Dec 24 2020,OKB,$5.96,0,300000000.00,300000000.00
Dec 23 2020,OKB,$6.09,0,300000000.00,300000000.00
Dec 23 2020,OKB,$6.09,0,300000000.00,300000000.00
Dec 23 2020,OKB,$6.09,0,300000000.00,300000000.00
Dec 22 2020,OKB,$5.63,0,300000000.00,300000000.00
Dec 22 2020,OKB,$5.63,0,300000000.00,300000000.00
Dec 21 2020,OKB,$5.98,0,300000000.00,300000000.00
Dec 21 2020,OKB,$5.98,0,300000000.00,300000000.00
Dec 21 2020,OKB,$5.98,0,300000000.00,300000000.00
Dec 20 2020,OKB,$6.05,0,300000000.00,300000000.00
Dec 20 2020,OKB,$6.05,0,300000000.00,300000000.00
Dec 19 2020,OKB,$6.03,0,300000000.00,300000000.00
Dec 19 2020,OKB,$6.03,0,300000000.00,300000000.00
Dec 19 2020,OKB,$6.03,0,300000000.00,300000000.00
Dec 18 2020,OKB,$5.81,0,300000000.00,300000000.00
Dec 18 2020,OKB,$5.81,0,300000000.00,300000000.00
Dec 17 2020,OKB,$5.80,0,300000000.00,300000000.00
Dec 17 2020,OKB,$5.80,0,300000000.00,300000000.00
Dec 16 2020,OKB,$5.75,0,300000000.00,300000000.00
Dec 16 2020,OKB,$5.75,0,300000000.00,300000000.00
Dec 16 2020,OKB,$5.75,0,300000000.00,300000000.00
Dec 15 2020,OKB,$5.60,0,300000000.00,300000000.00
Dec 15 2020,OKB,$5.60,0,300000000.00,300000000.00
Dec 14 2020,OKB,$5.63,0,300000000.00,300000000.00
Dec 14 2020,OKB,$5.63,0,300000000.00,300000000.00
Dec 14 2020,OKB,$5.63,0,300000000.00,300000000.00
Dec 13 2020,OKB,$5.52,0,300000000.00,300000000.00
Dec 13 2020,OKB,$5.52,0,300000000.00,300000000.00
Dec 12 2020,OKB,$5.52,0,300000000.00,300000000.00
Dec 12 2020,OKB,$5.52,0,300000000.00,300000000.00
Dec 11 2020,OKB,$5.21,0,300000000.00,300000000.00
Dec 11 2020,OKB,$5.21,0,300000000.00,300000000.00
Dec 11 2020,OKB,$5.21,0,300000000.00,300000000.00
Dec 10 2020,OKB,$5.25,0,300000000.00,300000000.00
Dec 10 2020,OKB,$5.25,0,300000000.00,300000000.00
Dec 09 2020,OKB,$5.25,0,300000000.00,300000000.00
Dec 09 2020,OKB,$5.25,0,300000000.00,300000000.00
Dec 09 2020,OKB,$5.25,0,300000000.00,300000000.00
Dec 08 2020,OKB,$5.32,0,300000000.00,300000000.00
Dec 08 2020,OKB,$5.32,0,300000000.00,300000000.00
Dec 07 2020,OKB,$5.09,0,300000000.00,300000000.00
Dec 07 2020,OKB,$5.09,0,300000000.00,300000000.00
Dec 07 2020,OKB,$5.09,0,300000000.00,300000000.00
Dec 06 2020,OKB,$5.13,0,300000000.00,300000000.00
Dec 06 2020,OKB,$5.13,0,300000000.00,300000000.00
Dec 05 2020,OKB,$5.08,0,300000000.00,300000000.00
Dec 05 2020,OKB,$5.08,0,300000000.00,300000000.00
Dec 04 2020,OKB,$5.26,0,300000000.00,300000000.00
Dec 04 2020,OKB,$5.26,0,300000000.00,300000000.00
Dec 04 2020,OKB,$5.26,0,300000000.00,300000000.00
Dec 03 2020,OKB,$5.38,0,300000000.00,300000000.00
Dec 03 2020,OKB,$5.38,0,300000000.00,300000000.00
Dec 02 2020,OKB,$5.23,0,300000000.00,300000000.00
Dec 02 2020,OKB,$5.23,0,300000000.00,300000000.00
Dec 02 2020,OKB,$5.23,0,300000000.00,300000000.00
Dec 01 2020,OKB,$5.50,0,300000000.00,300000000.00
Dec 01 2020,OKB,$5.50,0,300000000.00,300000000.00
Nov 30 2020,OKB,$5.35,0,300000000.00,300000000.00
Nov 30 2020,OKB,$5.35,0,300000000.00,300000000.00
Nov 30 2020,OKB,$5.35,0,300000000.00,300000000.00
Nov 29 2020,OKB,$5.25,0,300000000.00,300000000.00
Nov 29 2020,OKB,$5.25,0,300000000.00,300000000.00
Nov 28 2020,OKB,$5.21,0,300000000.00,300000000.00
Nov 28 2020,OKB,$5.21,0,300000000.00,300000000.00
Nov 27 2020,OKB,$5.40,0,300000000.00,300000000.00
Nov 27 2020,OKB,$5.40,0,300000000.00,300000000.00
Nov 27 2020,OKB,$5.40,0,300000000.00,300000000.00
Nov 26 2020,OKB,$5.74,0,300000000.00,300000000.00
Nov 26 2020,OKB,$5.74,0,300000000.00,300000000.00
Nov 25 2020,OKB,$6.04,0,300000000.00,300000000.00
Nov 25 2020,OKB,$6.04,0,300000000.00,300000000.00
Nov 25 2020,OKB,$6.04,0,300000000.00,300000000.00
Nov 24 2020,OKB,$6.19,0,300000000.00,300000000.00
Nov 24 2020,OKB,$6.19,0,300000000.00,300000000.00
Nov 23 2020,OKB,$6.29,0,300000000.00,300000000.00
Nov 23 2020,OKB,$6.29,0,300000000.00,300000000.00
Nov 23 2020,OKB,$6.29,0,300000000.00,300000000.00
Nov 22 2020,OKB,$5.96,0,300000000.00,300000000.00
Nov 22 2020,OKB,$5.96,0,300000000.00,300000000.00
Nov 21 2020,OKB,$5.90,0,300000000.00,300000000.00
Nov 21 2020,OKB,$5.90,0,300000000.00,300000000.00
Nov 20 2020,OKB,$5.69,0,300000000.00,300000000.00
Nov 20 2020,OKB,$5.69,0,300000000.00,300000000.00
Nov 20 2020,OKB,$5.69,0,300000000.00,300000000.00
Nov 19 2020,OKB,$5.39,0,300000000.00,300000000.00
Nov 19 2020,OKB,$5.39,0,300000000.00,300000000.00
Nov 18 2020,OKB,$4.80,0,300000000.00,300000000.00
Nov 18 2020,OKB,$4.80,0,300000000.00,300000000.00
Nov 18 2020,OKB,$4.80,0,300000000.00,300000000.00
Nov 17 2020,OKB,$4.63,0,300000000.00,300000000.00
Nov 17 2020,OKB,$4.63,0,300000000.00,300000000.00
Nov 16 2020,OKB,$4.66,0,300000000.00,300000000.00
Nov 16 2020,OKB,$4.66,0,300000000.00,300000000.00
Nov 16 2020,OKB,$4.66,0,300000000.00,300000000.00
Nov 15 2020,OKB,$4.72,0,300000000.00,300000000.00
Nov 15 2020,OKB,$4.72,0,300000000.00,300000000.00
Nov 14 2020,OKB,$4.84,0,300000000.00,300000000.00
Nov 14 2020,OKB,$4.84,0,300000000.00,300000000.00
Nov 13 2020,OKB,$4.84,0,300000000.00,300000000.00
Nov 13 2020,OKB,$4.84,0,300000000.00,300000000.00
Nov 13 2020,OKB,$4.84,0,300000000.00,300000000.00
Nov 12 2020,OKB,$4.76,0,300000000.00,300000000.00
Nov 12 2020,OKB,$4.76,0,300000000.00,300000000.00
Nov 11 2020,OKB,$4.63,0,300000000.00,300000000.00
Nov 11 2020,OKB,$4.63,0,300000000.00,300000000.00
Nov 11 2020,OKB,$4.63,0,300000000.00,300000000.00
Nov 10 2020,OKB,$4.61,0,300000000.00,300000000.00
Nov 10 2020,OKB,$4.61,0,300000000.00,300000000.00
Nov 09 2020,OKB,$4.68,0,300000000.00,300000000.00
Nov 09 2020,OKB,$4.68,0,300000000.00,300000000.00
Nov 09 2020,OKB,$4.68,0,300000000.00,300000000.00
Nov 08 2020,OKB,$4.67,0,300000000.00,300000000.00
Nov 08 2020,OKB,$4.67,0,300000000.00,300000000.00
Nov 07 2020,OKB,$4.64,0,300000000.00,300000000.00
Nov 07 2020,OKB,$4.64,0,300000000.00,300000000.00
Nov 06 2020,OKB,$4.48,0,300000000.00,300000000.00
Nov 06 2020,OKB,$4.48,0,300000000.00,300000000.00
Nov 06 2020,OKB,$4.48,0,300000000.00,300000000.00
Nov 05 2020,OKB,$4.28,0,300000000.00,300000000.00
Nov 05 2020,OKB,$4.28,0,300000000.00,300000000.00
Nov 04 2020,OKB,$4.19,0,300000000.00,300000000.00
Nov 04 2020,OKB,$4.19,0,300000000.00,300000000.00
Nov 04 2020,OKB,$4.19,0,300000000.00,300000000.00
Nov 03 2020,OKB,$4.38,0,300000000.00,300000000.00
Nov 03 2020,OKB,$4.38,0,300000000.00,300000000.00
Nov 02 2020,OKB,$4.55,0,300000000.00,300000000.00
Nov 02 2020,OKB,$4.55,0,300000000.00,300000000.00
Nov 02 2020,OKB,$4.55,0,300000000.00,300000000.00
Nov 01 2020,OKB,$4.47,0,300000000.00,300000000.00
Nov 01 2020,OKB,$4.47,0,300000000.00,300000000.00
Oct 31 2020,OKB,$4.45,0,300000000.00,300000000.00
Oct 31 2020,OKB,$4.45,0,300000000.00,300000000.00
Oct 30 2020,OKB,$4.63,0,300000000.00,300000000.00
Oct 30 2020,OKB,$4.63,0,300000000.00,300000000.00
Oct 30 2020,OKB,$4.63,0,300000000.00,300000000.00
Oct 29 2020,OKB,$4.61,0,300000000.00,300000000.00
Oct 29 2020,OKB,$4.61,0,300000000.00,300000000.00
Oct 28 2020,OKB,$4.67,0,300000000.00,300000000.00
Oct 28 2020,OKB,$4.67,0,300000000.00,300000000.00
Oct 28 2020,OKB,$4.67,0,300000000.00,300000000.00
Oct 27 2020,OKB,$4.65,0,300000000.00,300000000.00
Oct 27 2020,OKB,$4.65,0,300000000.00,300000000.00
Oct 26 2020,OKB,$4.62,0,300000000.00,300000000.00
Oct 26 2020,OKB,$4.62,0,300000000.00,300000000.00
Oct 26 2020,OKB,$4.62,0,300000000.00,300000000.00
Nov 08 2020,OKB,$4.67,0,300000000.00,300000000.00
Nov 08 2020,OKB,$4.67,0,300000000.00,300000000.00
Nov 07 2020,OKB,$4.64,0,300000000.00,300000000.00
Nov 07 2020,OKB,$4.64,0,300000000.00,300000000.00
Nov 06 2020,OKB,$4.48,0,300000000.00,300000000.00
Nov 06 2020,OKB,$4.48,0,300000000.00,300000000.00
Nov 06 2020,OKB,$4.48,0,300000000.00,300000000.00
Nov 05 2020,OKB,$4.28,0,300000000.00,300000000.00
Nov 05 2020,OKB,$4.28,0,300000000.00,300000000.00
Nov 04 2020,OKB,$4.19,0,300000000.00,300000000.00
Nov 04 2020,OKB,$4.19,0,300000000.00,300000000.00
Nov 04 2020,OKB,$4.19,0,300000000.00,300000000.00
Nov 03 2020,OKB,$4.38,0,300000000.00,300000000.00
Nov 03 2020,OKB,$4.38,0,300000000.00,300000000.00
Nov 02 2020,OKB,$4.55,0,300000000.00,300000000.00
Nov 02 2020,OKB,$4.55,0,300000000.00,300000000.00
Nov 01 2020,OKB,$4.47,0,300000000.00,300000000.00
Nov 01 2020,OKB,$4.47,0,300000000.00,300000000.00
Nov 01 2020,OKB,$4.47,0,300000000.00,300000000.00
Oct 31 2020,OKB,$4.45,0,300000000.00,300000000.00
Oct 31 2020,OKB,$4.45,0,300000000.00,300000000.00
Oct 30 2020,OKB,$4.63,0,300000000.00,300000000.00
Oct 30 2020,OKB,$4.63,0,300000000.00,300000000.00
Oct 30 2020,OKB,$4.63,0,300000000.00,300000000.00
Oct 29 2020,OKB,$4.61,0,300000000.00,300000000.00
Oct 29 2020,OKB,$4.61,0,300000000.00,300000000.00
Oct 28 2020,OKB,$4.67,0,300000000.00,300000000.00
Oct 28 2020,OKB,$4.67,0,300000000.00,300000000.00
Oct 28 2020,OKB,$4.67,0,300000000.00,300000000.00
Oct 27 2020,OKB,$4.65,0,300000000.00,300000000.00
Oct 27 2020,OKB,$4.65,0,300000000.00,300000000.00
Oct 26 2020,OKB,$4.62,0,300000000.00,300000000.00
Oct 26 2020,OKB,$4.62,0,300000000.00,300000000.00
Oct 25 2020,OKB,$4.58,0,300000000.00,300000000.00
Oct 25 2020,OKB,$4.58,0,300000000.00,300000000.00
Oct 25 2020,OKB,$4.58,0,300000000.00,300000000.00
Oct 24 2020,OKB,$4.50,0,300000000.00,300000000.00
Oct 24 2020,OKB,$4.50,0,300000000.00,300000000.00
Oct 23 2020,OKB,$4.82,0,300000000.00,300000000.00
Oct 23 2020,OKB,$4.82,0,300000000.00,300000000.00
Oct 23 2020,OKB,$4.82,0,300000000.00,300000000.00
Oct 22 2020,OKB,$4.96,0,300000000.00,300000000.00
Oct 22 2020,OKB,$4.96,0,300000000.00,300000000.00
Oct 21 2020,OKB,$4.73,0,300000000.00,300000000.00
Oct 21 2020,OKB,$4.73,0,300000000.00,300000000.00
Oct 21 2020,OKB,$4.73,0,300000000.00,300000000.00
Oct 20 2020,OKB,$4.54,0,300000000.00,300000000.00
Oct 20 2020,OKB,$4.54,0,300000000.00,300000000.00
Oct 19 2020,OKB,$4.79,0,300000000.00,300000000.00
Oct 19 2020,OKB,$4.79,0,300000000.00,300000000.00
Oct 18 2020,OKB,$4.45,0,300000000.00,300000000.00
Oct 18 2020,OKB,$4.45,0,300000000.00,300000000.00
Oct 18 2020,OKB,$4.45,0,300000000.00,300000000.00
Oct 17 2020,OKB,$5.18,0,300000000.00,300000000.00
Oct 17 2020,OKB,$5.18,0,300000000.00,300000000.00
Oct 16 2020,OKB,$5.87,0,300000000.00,300000000.00
Oct 16 2020,OKB,$5.87,0,300000000.00,300000000.00
Oct 16 2020,OKB,$5.87,0,300000000.00,300000000.00
Oct 15 2020,OKB,$6.04,0,300000000.00,300000000.00
Oct 15 2020,OKB,$6.04,0,300000000.00,300000000.00
Oct 14 2020,OKB,$6.08,0,300000000.00,300000000.00
Oct 14 2020,OKB,$6.08,0,300000000.00,300000000.00
Oct 14 2020,OKB,$6.08,0,300000000.00,300000000.00
Oct 13 2020,OKB,$6.13,0,300000000.00,300000000.00
Oct 13 2020,OKB,$6.13,0,300000000.00,300000000.00
Oct 12 2020,OKB,$6.10,0,300000000.00,300000000.00
Oct 12 2020,OKB,$6.10,0,300000000.00,300000000.00
Oct 11 2020,OKB,$6.09,0,300000000.00,300000000.00
Oct 11 2020,OKB,$6.09,0,300000000.00,300000000.00
Oct 11 2020,OKB,$6.09,0,300000000.00,300000000.00
Oct 10 2020,OKB,$6.33,0,300000000.00,300000000.00
Oct 10 2020,OKB,$6.33,0,300000000.00,300000000.00
Oct 09 2020,OKB,$6.12,0,300000000.00,300000000.00
Oct 09 2020,OKB,$6.12,0,300000000.00,300000000.00
Oct 09 2020,OKB,$6.12,0,300000000.00,300000000.00
Oct 08 2020,OKB,$6.11,0,300000000.00,300000000.00
Oct 08 2020,OKB,$6.11,0,300000000.00,300000000.00
Oct 07 2020,OKB,$6.08,0,300000000.00,300000000.00
Oct 07 2020,OKB,$6.08,0,300000000.00,300000000.00
Oct 07 2020,OKB,$6.08,0,300000000.00,300000000.00
Oct 06 2020,OKB,$6.22,0,300000000.00,300000000.00
Oct 06 2020,OKB,$6.22,0,300000000.00,300000000.00
Oct 05 2020,OKB,$6.15,0,300000000.00,300000000.00
Oct 05 2020,OKB,$6.15,0,300000000.00,300000000.00
Oct 04 2020,OKB,$6.11,0,300000000.00,300000000.00
Oct 04 2020,OKB,$6.11,0,300000000.00,300000000.00
Oct 04 2020,OKB,$6.11,0,300000000.00,300000000.00
Oct 03 2020,OKB,$6.13,0,300000000.00,300000000.00
Oct 03 2020,OKB,$6.13,0,300000000.00,300000000.00
Oct 02 2020,OKB,$6.14,0,300000000.00,300000000.00
Oct 02 2020,OKB,$6.14,0,300000000.00,300000000.00
Oct 02 2020,OKB,$6.14,0,300000000.00,300000000.00
Oct 01 2020,OKB,$6.14,0,300000000.00,300000000.00
Oct 01 2020,OKB,$6.14,0,300000000.00,300000000.00
Sep 30 2020,OKB,$6.14,0,300000000.00,300000000.00
Sep 30 2020,OKB,$6.14,0,300000000.00,300000000.00
Sep 29 2020,OKB,$6.08,0,300000000.00,300000000.00
Sep 29 2020,OKB,$6.08,0,300000000.00,300000000.00
Sep 29 2020,OKB,$6.08,0,300000000.00,300000000.00
Sep 28 2020,OKB,$6.19,0,300000000.00,300000000.00
Sep 28 2020,OKB,$6.19,0,300000000.00,300000000.00
Sep 27 2020,OKB,$6.26,0,300000000.00,300000000.00
Sep 27 2020,OKB,$6.26,0,300000000.00,300000000.00
Sep 27 2020,OKB,$6.26,0,300000000.00,300000000.00
Sep 26 2020,OKB,$6.27,0,300000000.00,300000000.00
Sep 26 2020,OKB,$6.27,0,300000000.00,300000000.00
Sep 25 2020,OKB,$6.21,0,300000000.00,300000000.00
Sep 25 2020,OKB,$6.21,0,300000000.00,300000000.00
Sep 25 2020,OKB,$6.21,0,300000000.00,300000000.00
Sep 24 2020,OKB,$6.03,0,300000000.00,300000000.00
Sep 24 2020,OKB,$6.03,0,300000000.00,300000000.00
Sep 23 2020,OKB,$6.01,0,300000000.00,300000000.00
Sep 23 2020,OKB,$6.01,0,300000000.00,300000000.00
Sep 22 2020,OKB,$5.89,0,300000000.00,300000000.00
Sep 22 2020,OKB,$5.89,0,300000000.00,300000000.00
Sep 22 2020,OKB,$5.89,0,300000000.00,300000000.00
Sep 21 2020,OKB,$6.19,0,300000000.00,300000000.00
Sep 21 2020,OKB,$6.19,0,300000000.00,300000000.00
Sep 20 2020,OKB,$6.14,0,300000000.00,300000000.00
Sep 20 2020,OKB,$6.14,0,300000000.00,300000000.00
Sep 20 2020,OKB,$6.14,0,300000000.00,300000000.00
Sep 19 2020,OKB,$6.13,0,300000000.00,300000000.00
Sep 19 2020,OKB,$6.13,0,300000000.00,300000000.00
Sep 18 2020,OKB,$6.12,0,300000000.00,300000000.00
Sep 18 2020,OKB,$6.12,0,300000000.00,300000000.00
Sep 18 2020,OKB,$6.12,0,300000000.00,300000000.00
Sep 17 2020,OKB,$6.38,0,300000000.00,300000000.00
Sep 17 2020,OKB,$6.38,0,300000000.00,300000000.00
Sep 16 2020,OKB,$6.26,0,300000000.00,300000000.00
Sep 16 2020,OKB,$6.26,0,300000000.00,300000000.00
Sep 15 2020,OKB,$6.51,0,300000000.00,300000000.00
Sep 15 2020,OKB,$6.51,0,300000000.00,300000000.00
Sep 15 2020,OKB,$6.51,0,300000000.00,300000000.00
Sep 14 2020,OKB,$6.53,0,300000000.00,300000000.00
Sep 14 2020,OKB,$6.53,0,300000000.00,300000000.00
Sep 13 2020,OKB,$5.69,0,300000000.00,300000000.00
Sep 13 2020,OKB,$5.69,0,300000000.00,300000000.00
Sep 13 2020,OKB,$5.69,0,300000000.00,300000000.00
Sep 12 2020,OKB,$5.44,0,300000000.00,300000000.00
Sep 12 2020,OKB,$5.44,0,300000000.00,300000000.00
Sep 11 2020,OKB,$5.50,0,300000000.00,300000000.00
Sep 11 2020,OKB,$5.50,0,300000000.00,300000000.00
Sep 11 2020,OKB,$5.50,0,300000000.00,300000000.00
Sep 10 2020,OKB,$5.34,0,300000000.00,300000000.00
Sep 10 2020,OKB,$5.34,0,300000000.00,300000000.00
Sep 09 2020,OKB,$5.26,0,300000000.00,300000000.00
Sep 09 2020,OKB,$5.26,0,300000000.00,300000000.00
Sep 08 2020,OKB,$5.42,0,300000000.00,300000000.00
Sep 08 2020,OKB,$5.42,0,300000000.00,300000000.00
Sep 08 2020,OKB,$5.42,0,300000000.00,300000000.00
Sep 07 2020,OKB,$5.32,0,300000000.00,300000000.00
Sep 07 2020,OKB,$5.32,0,300000000.00,300000000.00
Sep 06 2020,OKB,$4.93,0,300000000.00,300000000.00
Sep 06 2020,OKB,$4.93,0,300000000.00,300000000.00
Sep 06 2020,OKB,$4.93,0,300000000.00,300000000.00
Sep 05 2020,OKB,$5.15,0,300000000.00,300000000.00
Sep 05 2020,OKB,$5.15,0,300000000.00,300000000.00
Sep 04 2020,OKB,$5.15,0,300000000.00,300000000.00
Sep 04 2020,OKB,$5.15,0,300000000.00,300000000.00
Sep 04 2020,OKB,$5.15,0,300000000.00,300000000.00
Sep 03 2020,OKB,$5.72,0,300000000.00,300000000.00
Sep 03 2020,OKB,$5.72,0,300000000.00,300000000.00
Sep 02 2020,OKB,$5.74,0,300000000.00,300000000.00
Sep 02 2020,OKB,$5.74,0,300000000.00,300000000.00
Sep 01 2020,OKB,$5.64,0,300000000.00,300000000.00
Sep 01 2020,OKB,$5.64,0,300000000.00,300000000.00
Sep 01 2020,OKB,$5.64,0,300000000.00,300000000.00
Aug 31 2020,OKB,$5.52,0,300000000.00,300000000.00
Aug 31 2020,OKB,$5.52,0,300000000.00,300000000.00
Aug 30 2020,OKB,$5.40,0,300000000.00,300000000.00
Aug 30 2020,OKB,$5.40,0,300000000.00,300000000.00
Aug 30 2020,OKB,$5.40,0,300000000.00,300000000.00
Aug 29 2020,OKB,$5.52,0,300000000.00,300000000.00
Aug 29 2020,OKB,$5.52,0,300000000.00,300000000.00
Aug 28 2020,OKB,$5.45,0,300000000.00,300000000.00
Aug 28 2020,OKB,$5.45,0,300000000.00,300000000.00
Aug 28 2020,OKB,$5.45,0,300000000.00,300000000.00
Aug 27 2020,OKB,$5.62,0,300000000.00,300000000.00
Aug 27 2020,OKB,$5.62,0,300000000.00,300000000.00
Aug 26 2020,OKB,$5.63,0,300000000.00,300000000.00
Aug 26 2020,OKB,$5.63,0,300000000.00,300000000.00
Aug 25 2020,OKB,$5.30,0,300000000.00,300000000.00
Aug 25 2020,OKB,$5.30,0,300000000.00,300000000.00
Aug 25 2020,OKB,$5.30,0,300000000.00,300000000.00
Aug 24 2020,OKB,$5.24,0,300000000.00,300000000.00
Aug 24 2020,OKB,$5.24,0,300000000.00,300000000.00
Aug 23 2020,OKB,$5.31,0,300000000.00,300000000.00
Aug 23 2020,OKB,$5.31,0,300000000.00,300000000.00
Aug 23 2020,OKB,$5.31,0,300000000.00,300000000.00
Aug 22 2020,OKB,$5.30,0,300000000.00,300000000.00
Aug 22 2020,OKB,$5.30,0,300000000.00,300000000.00
Aug 21 2020,OKB,$5.54,0,300000000.00,300000000.00
Aug 21 2020,OKB,$5.54,0,300000000.00,300000000.00
Aug 20 2020,OKB,$5.36,0,300000000.00,300000000.00
Aug 20 2020,OKB,$5.36,0,300000000.00,300000000.00
Aug 20 2020,OKB,$5.36,0,300000000.00,300000000.00
Aug 19 2020,OKB,$5.63,0,300000000.00,300000000.00
Aug 19 2020,OKB,$5.63,0,300000000.00,300000000.00
Aug 18 2020,OKB,$5.88,0,300000000.00,300000000.00
Aug 18 2020,OKB,$5.88,0,300000000.00,300000000.00
Aug 18 2020,OKB,$5.88,0,300000000.00,300000000.00
Aug 17 2020,OKB,$5.93,0,300000000.00,300000000.00
Aug 17 2020,OKB,$5.93,0,300000000.00,300000000.00
Aug 16 2020,OKB,$6.00,0,300000000.00,300000000.00
Aug 16 2020,OKB,$6.00,0,300000000.00,300000000.00
Aug 16 2020,OKB,$6.00,0,300000000.00,300000000.00
Aug 15 2020,OKB,$5.97,0,300000000.00,300000000.00
Aug 15 2020,OKB,$5.97,0,300000000.00,300000000.00
Aug 14 2020,OKB,$5.67,0,300000000.00,300000000.00
Aug 14 2020,OKB,$5.67,0,300000000.00,300000000.00
Aug 13 2020,OKB,$5.52,0,300000000.00,300000000.00
Aug 13 2020,OKB,$5.52,0,300000000.00,300000000.00
Aug 13 2020,OKB,$5.52,0,300000000.00,300000000.00
Aug 12 2020,OKB,$5.56,0,300000000.00,300000000.00
Aug 12 2020,OKB,$5.56,0,300000000.00,300000000.00
Aug 11 2020,OKB,$5.84,0,300000000.00,300000000.00
Aug 11 2020,OKB,$5.84,0,300000000.00,300000000.00
Aug 11 2020,OKB,$5.84,0,300000000.00,300000000.00
Aug 10 2020,OKB,$5.82,0,300000000.00,300000000.00
Aug 10 2020,OKB,$5.82,0,300000000.00,300000000.00
Aug 09 2020,OKB,$5.92,0,300000000.00,300000000.00
Aug 09 2020,OKB,$5.92,0,300000000.00,300000000.00
Aug 09 2020,OKB,$5.92,0,300000000.00,300000000.00
Aug 08 2020,OKB,$5.87,0,300000000.00,300000000.00
Aug 08 2020,OKB,$5.87,0,300000000.00,300000000.00
Aug 07 2020,OKB,$6.08,0,300000000.00,300000000.00
Aug 07 2020,OKB,$6.08,0,300000000.00,300000000.00
Aug 06 2020,OKB,$6.10,0,300000000.00,300000000.00
Aug 06 2020,OKB,$6.10,0,300000000.00,300000000.00
Aug 06 2020,OKB,$6.10,0,300000000.00,300000000.00
Aug 05 2020,OKB,$5.98,0,300000000.00,300000000.00
Aug 05 2020,OKB,$5.98,0,300000000.00,300000000.00
Aug 04 2020,OKB,$5.95,0,300000000.00,300000000.00
Aug 04 2020,OKB,$5.95,0,300000000.00,300000000.00
Aug 04 2020,OKB,$5.95,0,300000000.00,300000000.00
Aug 03 2020,OKB,$5.70,0,300000000.00,300000000.00
Aug 03 2020,OKB,$5.70,0,300000000.00,300000000.00
Aug 02 2020,OKB,$6.24,0,300000000.00,300000000.00
Aug 02 2020,OKB,$6.24,0,300000000.00,300000000.00
Aug 02 2020,OKB,$6.24,0,300000000.00,300000000.00
Aug 01 2020,OKB,$5.86,0,300000000.00,300000000.00
Aug 01 2020,OKB,$5.86,0,300000000.00,300000000.00
Jul 31 2020,OKB,$5.83,0,300000000.00,300000000.00
Jul 31 2020,OKB,$5.83,0,300000000.00,300000000.00
Jul 30 2020,OKB,$5.79,0,300000000.00,300000000.00
Jul 30 2020,OKB,$5.79,0,300000000.00,300000000.00
Jul 30 2020,OKB,$5.79,0,300000000.00,300000000.00
Jul 29 2020,OKB,$5.88,0,300000000.00,300000000.00
Jul 29 2020,OKB,$5.88,0,300000000.00,300000000.00
Jul 28 2020,OKB,$5.82,0,300000000.00,300000000.00
Jul 28 2020,OKB,$5.82,0,300000000.00,300000000.00
Jul 28 2020,OKB,$5.82,0,300000000.00,300000000.00
Jul 27 2020,OKB,$5.71,0,300000000.00,300000000.00
Jul 27 2020,OKB,$5.71,0,300000000.00,300000000.00
Jul 26 2020,OKB,$5.52,0,300000000.00,300000000.00
Jul 26 2020,OKB,$5.52,0,300000000.00,300000000.00
Jul 26 2020,OKB,$5.52,0,300000000.00,300000000.00
Jul 25 2020,OKB,$5.36,0,300000000.00,300000000.00
Jul 25 2020,OKB,$5.36,0,300000000.00,300000000.00
Jul 24 2020,OKB,$5.52,0,300000000.00,300000000.00
Jul 24 2020,OKB,$5.52,0,300000000.00,300000000.00
Jul 23 2020,OKB,$5.34,0,300000000.00,300000000.00
Jul 23 2020,OKB,$5.34,0,300000000.00,300000000.00
Jul 23 2020,OKB,$5.34,0,300000000.00,300000000.00
Jul 22 2020,OKB,$5.20,0,300000000.00,300000000.00
Jul 22 2020,OKB,$5.20,0,300000000.00,300000000.00
Jul 21 2020,OKB,$5.16,0,300000000.00,300000000.00
Jul 21 2020,OKB,$5.16,0,300000000.00,300000000.00
Jul 21 2020,OKB,$5.16,0,300000000.00,300000000.00
Jul 20 2020,OKB,$5.15,0,300000000.00,300000000.00
Jul 20 2020,OKB,$5.15,0,300000000.00,300000000.00
Jul 19 2020,OKB,$5.16,0,300000000.00,300000000.00
Jul 19 2020,OKB,$5.16,0,300000000.00,300000000.00
Jul 19 2020,OKB,$5.16,0,300000000.00,300000000.00
Jul 18 2020,OKB,$5.10,0,300000000.00,300000000.00
Jul 18 2020,OKB,$5.10,0,300000000.00,300000000.00
Jul 17 2020,OKB,$5.12,0,300000000.00,300000000.00
Jul 17 2020,OKB,$5.12,0,300000000.00,300000000.00
Jul 16 2020,OKB,$5.14,0,300000000.00,300000000.00
Jul 16 2020,OKB,$5.14,0,300000000.00,300000000.00
Jul 16 2020,OKB,$5.14,0,300000000.00,300000000.00
Jul 15 2020,OKB,$5.06,0,300000000.00,300000000.00
Jul 15 2020,OKB,$5.06,0,300000000.00,300000000.00
Jul 14 2020,OKB,$4.97,0,300000000.00,300000000.00
Jul 14 2020,OKB,$4.97,0,300000000.00,300000000.00
Jul 14 2020,OKB,$4.97,0,300000000.00,300000000.00
Jul 13 2020,OKB,$5.01,0,300000000.00,300000000.00
Jul 13 2020,OKB,$5.01,0,300000000.00,300000000.00
Jul 12 2020,OKB,$4.98,0,300000000.00,300000000.00
Jul 12 2020,OKB,$4.98,0,300000000.00,300000000.00
Jul 12 2020,OKB,$4.98,0,300000000.00,300000000.00
Jul 11 2020,OKB,$5.00,0,300000000.00,300000000.00
Jul 11 2020,OKB,$5.00,0,300000000.00,300000000.00
Jul 10 2020,OKB,$4.97,0,300000000.00,300000000.00
Jul 10 2020,OKB,$4.97,0,300000000.00,300000000.00
Jul 09 2020,OKB,$5.10,0,300000000.00,300000000.00
Jul 09 2020,OKB,$5.10,0,300000000.00,300000000.00
Jul 09 2020,OKB,$5.10,0,300000000.00,300000000.00
Jul 08 2020,OKB,$4.99,0,300000000.00,300000000.00
Jul 08 2020,OKB,$4.99,0,300000000.00,300000000.00
Jul 07 2020,OKB,$5.13,0,300000000.00,300000000.00
Jul 07 2020,OKB,$5.13,0,300000000.00,300000000.00
Jul 07 2020,OKB,$5.13,0,300000000.00,300000000.00
Jul 06 2020,OKB,$4.84,0,300000000.00,300000000.00
Jul 06 2020,OKB,$4.84,0,300000000.00,300000000.00
Jul 05 2020,OKB,$4.90,0,300000000.00,300000000.00
Jul 05 2020,OKB,$4.90,0,300000000.00,300000000.00
Jul 04 2020,OKB,$4.92,0,300000000.00,300000000.00
Jul 04 2020,OKB,$4.92,0,300000000.00,300000000.00
Jul 04 2020,OKB,$4.92,0,300000000.00,300000000.00
Jul 03 2020,OKB,$4.94,0,300000000.00,300000000.00
Jul 03 2020,OKB,$4.94,0,300000000.00,300000000.00
Jul 02 2020,OKB,$5.06,0,300000000.00,300000000.00
Jul 02 2020,OKB,$5.06,0,300000000.00,300000000.00
Jul 02 2020,OKB,$5.06,0,300000000.00,300000000.00
Jul 01 2020,OKB,$5.05,0,300000000.00,300000000.00
Jul 01 2020,OKB,$5.05,0,300000000.00,300000000.00
Jun 30 2020,OKB,$5.06,0,300000000.00,300000000.00
Jun 30 2020,OKB,$5.06,0,300000000.00,300000000.00
Jun 30 2020,OKB,$5.06,0,300000000.00,300000000.00
Jun 29 2020,OKB,$5.04,0,300000000.00,300000000.00
Jun 29 2020,OKB,$5.04,0,300000000.00,300000000.00
Jun 28 2020,OKB,$4.95,0,300000000.00,300000000.00
Jun 28 2020,OKB,$4.95,0,300000000.00,300000000.00
Jun 27 2020,OKB,$5.11,0,300000000.00,300000000.00
Jun 27 2020,OKB,$5.11,0,300000000.00,300000000.00
Jun 27 2020,OKB,$5.11,0,300000000.00,300000000.00
Jun 26 2020,OKB,$5.17,0,300000000.00,300000000.00
Jun 26 2020,OKB,$5.17,0,300000000.00,300000000.00
Jun 25 2020,OKB,$5.10,0,300000000.00,300000000.00
Jun 25 2020,OKB,$5.10,0,300000000.00,300000000.00
Jun 25 2020,OKB,$5.10,0,300000000.00,300000000.00
Jun 24 2020,OKB,$5.11,0,300000000.00,300000000.00
Jun 24 2020,OKB,$5.11,0,300000000.00,300000000.00
Jun 23 2020,OKB,$5.20,0,300000000.00,300000000.00
Jun 23 2020,OKB,$5.20,0,300000000.00,300000000.00
Jun 23 2020,OKB,$5.20,0,300000000.00,300000000.00
Jun 22 2020,OKB,$4.72,0,300000000.00,300000000.00
Jun 22 2020,OKB,$4.72,0,300000000.00,300000000.00
Jun 21 2020,OKB,$4.83,0,300000000.00,300000000.00
Jun 21 2020,OKB,$4.83,0,300000000.00,300000000.00
Jun 20 2020,OKB,$4.95,0,300000000.00,300000000.00
Jun 20 2020,OKB,$4.95,0,300000000.00,300000000.00
Jun 20 2020,OKB,$4.95,0,300000000.00,300000000.00
Jun 19 2020,OKB,$5.04,0,300000000.00,300000000.00
Jun 19 2020,OKB,$5.04,0,300000000.00,300000000.00
Jun 18 2020,OKB,$5.08,0,300000000.00,300000000.00
Jun 18 2020,OKB,$5.08,0,300000000.00,300000000.00
Jun 18 2020,OKB,$5.08,0,300000000.00,300000000.00
Jun 17 2020,OKB,$5.11,0,300000000.00,300000000.00
Jun 17 2020,OKB,$5.11,0,300000000.00,300000000.00
Jun 16 2020,OKB,$5.05,0,300000000.00,300000000.00
Jun 16 2020,OKB,$5.05,0,300000000.00,300000000.00
Jun 16 2020,OKB,$5.05,0,300000000.00,300000000.00
Jun 15 2020,OKB,$5.10,0,300000000.00,300000000.00
Jun 15 2020,OKB,$5.10,0,300000000.00,300000000.00
Jun 14 2020,OKB,$5.21,0,300000000.00,300000000.00
Jun 14 2020,OKB,$5.21,0,300000000.00,300000000.00
Jun 13 2020,OKB,$5.20,0,300000000.00,300000000.00
Jun 13 2020,OKB,$5.20,0,300000000.00,300000000.00
Jun 13 2020,OKB,$5.20,0,300000000.00,300000000.00
Jun 12 2020,OKB,$5.11,0,300000000.00,300000000.00
Jun 12 2020,OKB,$5.11,0,300000000.00,300000000.00
Jun 11 2020,OKB,$5.37,0,300000000.00,300000000.00
Jun 11 2020,OKB,$5.37,0,300000000.00,300000000.00
Jun 11 2020,OKB,$5.37,0,300000000.00,300000000.00
Jun 10 2020,OKB,$5.42,0,300000000.00,300000000.00
Jun 10 2020,OKB,$5.42,0,300000000.00,300000000.00
Jun 09 2020,OKB,$5.43,0,300000000.00,300000000.00
Jun 09 2020,OKB,$5.43,0,300000000.00,300000000.00
Jun 09 2020,OKB,$5.43,0,300000000.00,300000000.00
Jun 08 2020,OKB,$5.46,0,300000000.00,300000000.00
Jun 08 2020,OKB,$5.46,0,300000000.00,300000000.00
Jun 07 2020,OKB,$5.41,0,300000000.00,300000000.00
Jun 07 2020,OKB,$5.41,0,300000000.00,300000000.00
Jun 06 2020,OKB,$5.34,0,300000000.00,300000000.00
Jun 06 2020,OKB,$5.34,0,300000000.00,300000000.00
Jun 06 2020,OKB,$5.34,0,300000000.00,300000000.00
Jun 05 2020,OKB,$5.38,0,300000000.00,300000000.00
Jun 05 2020,OKB,$5.38,0,300000000.00,300000000.00
Jun 04 2020,OKB,$5.23,0,300000000.00,300000000.00
Jun 04 2020,OKB,$5.23,0,300000000.00,300000000.00
Jun 04 2020,OKB,$5.23,0,300000000.00,300000000.00
Jun 03 2020,OKB,$5.17,0,300000000.00,300000000.00
Jun 03 2020,OKB,$5.17,0,300000000.00,300000000.00
Jun 02 2020,OKB,$5.36,0,300000000.00,300000000.00
Jun 02 2020,OKB,$5.36,0,300000000.00,300000000.00
Jun 02 2020,OKB,$5.36,0,300000000.00,300000000.00
Jun 01 2020,OKB,$5.19,0,300000000.00,300000000.00
Jun 01 2020,OKB,$5.19,0,300000000.00,300000000.00
May 31 2020,OKB,$5.37,0,300000000.00,300000000.00
May 31 2020,OKB,$5.37,0,300000000.00,300000000.00
May 30 2020,OKB,$5.24,0,300000000.00,300000000.00
May 30 2020,OKB,$5.24,0,300000000.00,300000000.00
May 30 2020,OKB,$5.24,0,300000000.00,300000000.00
May 29 2020,OKB,$5.22,0,300000000.00,300000000.00
May 29 2020,OKB,$5.22,0,300000000.00,300000000.00
May 28 2020,OKB,$5.00,0,300000000.00,300000000.00
May 28 2020,OKB,$5.00,0,300000000.00,300000000.00
May 28 2020,OKB,$5.00,0,300000000.00,300000000.00
May 27 2020,OKB,$4.96,0,300000000.00,300000000.00
May 27 2020,OKB,$4.96,0,300000000.00,300000000.00
May 26 2020,OKB,$5.01,0,300000000.00,300000000.00
May 26 2020,OKB,$5.01,0,300000000.00,300000000.00
May 26 2020,OKB,$5.01,0,300000000.00,300000000.00
May 25 2020,OKB,$4.86,0,300000000.00,300000000.00
May 25 2020,OKB,$4.86,0,300000000.00,300000000.00
May 24 2020,OKB,$5.04,0,300000000.00,300000000.00
May 24 2020,OKB,$5.04,0,300000000.00,300000000.00
May 23 2020,OKB,$5.06,0,300000000.00,300000000.00
May 23 2020,OKB,$5.06,0,300000000.00,300000000.00
May 23 2020,OKB,$5.06,0,300000000.00,300000000.00
May 22 2020,OKB,$4.98,0,300000000.00,300000000.00
May 22 2020,OKB,$4.98,0,300000000.00,300000000.00
May 21 2020,OKB,$5.25,0,300000000.00,300000000.00
May 21 2020,OKB,$5.25,0,300000000.00,300000000.00
May 21 2020,OKB,$5.25,0,300000000.00,300000000.00
May 20 2020,OKB,$5.20,0,300000000.00,300000000.00
May 20 2020,OKB,$5.20,0,300000000.00,300000000.00
May 19 2020,OKB,$5.21,0,300000000.00,300000000.00
May 19 2020,OKB,$5.21,0,300000000.00,300000000.00
May 18 2020,OKB,$5.30,0,300000000.00,300000000.00
May 18 2020,OKB,$5.30,0,300000000.00,300000000.00
May 18 2020,OKB,$5.30,0,300000000.00,300000000.00
May 18 2020,OKB,$5.30,0,300000000.00,300000000.00
May 17 2020,OKB,$5.22,0,300000000.00,300000000.00
May 17 2020,OKB,$5.22,0,300000000.00,300000000.00
May 16 2020,OKB,$5.13,0,300000000.00,300000000.00
May 16 2020,OKB,$5.13,0,300000000.00,300000000.00
May 16 2020,OKB,$5.13,0,300000000.00,300000000.00
May 15 2020,OKB,$5.34,0,300000000.00,300000000.00
May 15 2020,OKB,$5.34,0,300000000.00,300000000.00
May 14 2020,OKB,$5.13,0,300000000.00,300000000.00
May 14 2020,OKB,$5.13,0,300000000.00,300000000.00
May 14 2020,OKB,$5.13,0,300000000.00,300000000.00
May 13 2020,OKB,$4.96,0,300000000.00,300000000.00
May 13 2020,OKB,$4.96,0,300000000.00,300000000.00
May 12 2020,OKB,$4.89,0,300000000.00,300000000.00
May 12 2020,OKB,$4.89,0,300000000.00,300000000.00
May 11 2020,OKB,$4.86,0,300000000.00,300000000.00
May 11 2020,OKB,$4.86,0,300000000.00,300000000.00
May 11 2020,OKB,$4.86,0,300000000.00,300000000.00
May 10 2020,OKB,$5.31,0,300000000.00,300000000.00
May 10 2020,OKB,$5.31,0,300000000.00,300000000.00
May 09 2020,OKB,$5.39,0,300000000.00,300000000.00
May 09 2020,OKB,$5.39,0,300000000.00,300000000.00
May 09 2020,OKB,$5.39,0,300000000.00,300000000.00
May 08 2020,OKB,$5.42,0,300000000.00,300000000.00
May 08 2020,OKB,$5.42,0,300000000.00,300000000.00
May 07 2020,OKB,$5.13,0,300000000.00,300000000.00
May 07 2020,OKB,$5.13,0,300000000.00,300000000.00
May 07 2020,OKB,$5.13,0,300000000.00,300000000.00
May 06 2020,OKB,$5.20,0,300000000.00,300000000.00
May 06 2020,OKB,$5.20,0,300000000.00,300000000.00
May 05 2020,OKB,$5.25,0,300000000.00,300000000.00
May 05 2020,OKB,$5.25,0,300000000.00,300000000.00
May 04 2020,OKB,$5.34,0,300000000.00,300000000.00
May 04 2020,OKB,$5.34,0,300000000.00,300000000.00
May 04 2020,OKB,$5.34,0,300000000.00,300000000.00
May 03 2020,OKB,$5.54,0,300000000.00,300000000.00
May 03 2020,OKB,$5.54,0,300000000.00,300000000.00
May 02 2020,OKB,$5.41,0,300000000.00,300000000.00
May 02 2020,OKB,$5.41,0,300000000.00,300000000.00
May 02 2020,OKB,$5.41,0,300000000.00,300000000.00
May 01 2020,OKB,$5.31,0,300000000.00,300000000.00
May 01 2020,OKB,$5.31,0,300000000.00,300000000.00
Apr 30 2020,OKB,$5.28,0,300000000.00,300000000.00
Apr 30 2020,OKB,$5.28,0,300000000.00,300000000.00
Apr 30 2020,OKB,$5.28,0,300000000.00,300000000.00
Apr 29 2020,OKB,$4.89,0,300000000.00,300000000.00
Apr 29 2020,OKB,$4.89,0,300000000.00,300000000.00
Apr 28 2020,OKB,$4.89,0,300000000.00,300000000.00
Apr 28 2020,OKB,$4.89,0,300000000.00,300000000.00
Apr 27 2020,OKB,$4.91,0,300000000.00,300000000.00
Apr 27 2020,OKB,$4.91,0,300000000.00,300000000.00
Apr 27 2020,OKB,$4.91,0,300000000.00,300000000.00
Apr 26 2020,OKB,$4.87,0,300000000.00,300000000.00
Apr 26 2020,OKB,$4.87,0,300000000.00,300000000.00
Apr 25 2020,OKB,$4.90,0,300000000.00,300000000.00
Apr 25 2020,OKB,$4.90,0,300000000.00,300000000.00
Apr 25 2020,OKB,$4.90,0,300000000.00,300000000.00
Apr 24 2020,OKB,$4.85,0,300000000.00,300000000.00
Apr 24 2020,OKB,$4.85,0,300000000.00,300000000.00
Apr 23 2020,OKB,$4.71,0,300000000.00,300000000.00
Apr 23 2020,OKB,$4.71,0,300000000.00,300000000.00
Apr 23 2020,OKB,$4.71,0,300000000.00,300000000.00
Apr 22 2020,OKB,$4.46,0,300000000.00,300000000.00
Apr 22 2020,OKB,$4.46,0,300000000.00,300000000.00
Apr 21 2020,OKB,$4.49,0,300000000.00,300000000.00
Apr 21 2020,OKB,$4.49,0,300000000.00,300000000.00
Apr 20 2020,OKB,$4.72,0,300000000.00,300000000.00
Apr 20 2020,OKB,$4.72,0,300000000.00,300000000.00
Apr 20 2020,OKB,$4.72,0,300000000.00,300000000.00
Apr 19 2020,OKB,$4.80,0,300000000.00,300000000.00
Apr 19 2020,OKB,$4.80,0,300000000.00,300000000.00
Apr 18 2020,OKB,$4.66,0,300000000.00,300000000.00
Apr 18 2020,OKB,$4.66,0,300000000.00,300000000.00
Apr 18 2020,OKB,$4.66,0,300000000.00,300000000.00
Apr 17 2020,OKB,$4.78,0,300000000.00,300000000.00
Apr 17 2020,OKB,$4.78,0,300000000.00,300000000.00
Apr 16 2020,OKB,$4.46,0,300000000.00,300000000.00
Apr 16 2020,OKB,$4.46,0,300000000.00,300000000.00
Apr 16 2020,OKB,$4.46,0,300000000.00,300000000.00
Apr 15 2020,OKB,$4.63,0,300000000.00,300000000.00
Apr 15 2020,OKB,$4.63,0,300000000.00,300000000.00
Apr 14 2020,OKB,$4.60,0,300000000.00,300000000.00
Apr 14 2020,OKB,$4.60,0,300000000.00,300000000.00
Apr 13 2020,OKB,$4.56,0,300000000.00,300000000.00
Apr 13 2020,OKB,$4.56,0,300000000.00,300000000.00
Apr 13 2020,OKB,$4.56,0,300000000.00,300000000.00
Apr 12 2020,OKB,$4.55,0,300000000.00,300000000.00
Apr 12 2020,OKB,$4.55,0,300000000.00,300000000.00
Apr 11 2020,OKB,$4.55,0,300000000.00,300000000.00
Apr 11 2020,OKB,$4.55,0,300000000.00,300000000.00
Apr 11 2020,OKB,$4.55,0,300000000.00,300000000.00
Apr 10 2020,OKB,$4.88,0,300000000.00,300000000.00
Apr 10 2020,OKB,$4.88,0,300000000.00,300000000.00
Apr 09 2020,OKB,$4.94,0,300000000.00,300000000.00
Apr 09 2020,OKB,$4.94,0,300000000.00,300000000.00
Apr 09 2020,OKB,$4.94,0,300000000.00,300000000.00
Apr 08 2020,OKB,$4.89,0,300000000.00,300000000.00
Apr 08 2020,OKB,$4.89,0,300000000.00,300000000.00
Apr 07 2020,OKB,$4.81,0,300000000.00,300000000.00
Apr 07 2020,OKB,$4.81,0,300000000.00,300000000.00
Apr 06 2020,OKB,$4.67,0,300000000.00,300000000.00
Apr 06 2020,OKB,$4.67,0,300000000.00,300000000.00
Apr 06 2020,OKB,$4.67,0,300000000.00,300000000.00
Apr 05 2020,OKB,$4.70,0,300000000.00,300000000.00
Apr 05 2020,OKB,$4.70,0,300000000.00,300000000.00
Apr 04 2020,OKB,$4.51,0,300000000.00,300000000.00
Apr 04 2020,OKB,$4.51,0,300000000.00,300000000.00
Apr 04 2020,OKB,$4.51,0,300000000.00,300000000.00
Apr 03 2020,OKB,$4.50,0,300000000.00,300000000.00
Apr 03 2020,OKB,$4.50,0,300000000.00,300000000.00
Apr 02 2020,OKB,$4.39,0,300000000.00,300000000.00
Apr 02 2020,OKB,$4.39,0,300000000.00,300000000.00
Apr 01 2020,OKB,$4.31,0,300000000.00,300000000.00
Apr 01 2020,OKB,$4.31,0,300000000.00,300000000.00
Apr 01 2020,OKB,$4.31,0,300000000.00,300000000.00
Mar 31 2020,OKB,$4.16,0,300000000.00,300000000.00
Mar 31 2020,OKB,$4.16,0,300000000.00,300000000.00
Mar 30 2020,OKB,$3.91,0,300000000.00,300000000.00
Mar 30 2020,OKB,$3.91,0,300000000.00,300000000.00
Mar 30 2020,OKB,$3.91,0,300000000.00,300000000.00
Mar 29 2020,OKB,$4.17,0,300000000.00,300000000.00
Mar 29 2020,OKB,$4.17,0,300000000.00,300000000.00
Mar 28 2020,OKB,$4.16,0,300000000.00,300000000.00
Mar 28 2020,OKB,$4.16,0,300000000.00,300000000.00
Mar 28 2020,OKB,$4.16,0,300000000.00,300000000.00
Mar 27 2020,OKB,$4.32,0,300000000.00,300000000.00
Mar 27 2020,OKB,$4.32,0,300000000.00,300000000.00
Mar 26 2020,OKB,$4.30,0,300000000.00,300000000.00
Mar 26 2020,OKB,$4.30,0,300000000.00,300000000.00
Mar 25 2020,OKB,$4.37,0,300000000.00,300000000.00
Mar 25 2020,OKB,$4.37,0,300000000.00,300000000.00
Mar 25 2020,OKB,$4.37,0,300000000.00,300000000.00
Mar 24 2020,OKB,$4.29,0,300000000.00,300000000.00
Mar 24 2020,OKB,$4.29,0,300000000.00,300000000.00
Mar 23 2020,OKB,$4.00,0,300000000.00,300000000.00
Mar 23 2020,OKB,$4.00,0,300000000.00,300000000.00
Mar 23 2020,OKB,$4.00,0,300000000.00,300000000.00
Mar 22 2020,OKB,$4.36,0,300000000.00,300000000.00
Mar 22 2020,OKB,$4.36,0,300000000.00,300000000.00
Mar 21 2020,OKB,$4.40,0,300000000.00,300000000.00
Mar 21 2020,OKB,$4.40,0,300000000.00,300000000.00
Mar 21 2020,OKB,$4.40,0,300000000.00,300000000.00
Mar 20 2020,OKB,$4.16,0,300000000.00,300000000.00
Mar 20 2020,OKB,$4.16,0,300000000.00,300000000.00
Mar 19 2020,OKB,$3.61,0,300000000.00,300000000.00
Mar 19 2020,OKB,$3.61,0,300000000.00,300000000.00
Mar 18 2020,OKB,$3.61,0,300000000.00,300000000.00
Mar 18 2020,OKB,$3.61,0,300000000.00,300000000.00
Mar 18 2020,OKB,$3.61,0,300000000.00,300000000.00
Mar 17 2020,OKB,$3.42,0,300000000.00,300000000.00
Mar 17 2020,OKB,$3.42,0,300000000.00,300000000.00
Mar 16 2020,OKB,$3.71,0,300000000.00,300000000.00
Mar 16 2020,OKB,$3.71,0,300000000.00,300000000.00
Mar 16 2020,OKB,$3.71,0,300000000.00,300000000.00
Mar 15 2020,OKB,$3.13,0,300000000.00,300000000.00
Mar 15 2020,OKB,$3.13,0,300000000.00,300000000.00
Mar 14 2020,OKB,$3.20,0,300000000.00,300000000.00
Mar 14 2020,OKB,$3.20,0,300000000.00,300000000.00
Mar 14 2020,OKB,$3.20,0,300000000.00,300000000.00
Mar 13 2020,OKB,$2.62,0,300000000.00,300000000.00
Mar 13 2020,OKB,$2.62,0,300000000.00,300000000.00
Mar 12 2020,OKB,$4.48,0,300000000.00,300000000.00
Mar 12 2020,OKB,$4.48,0,300000000.00,300000000.00
Mar 11 2020,OKB,$4.54,0,300000000.00,300000000.00
Mar 11 2020,OKB,$4.54,0,300000000.00,300000000.00
Mar 11 2020,OKB,$4.54,0,300000000.00,300000000.00
Mar 10 2020,OKB,$4.58,0,300000000.00,300000000.00
Mar 10 2020,OKB,$4.58,0,300000000.00,300000000.00
Mar 09 2020,OKB,$4.68,0,300000000.00,300000000.00
Mar 09 2020,OKB,$4.68,0,300000000.00,300000000.00
Mar 09 2020,OKB,$4.68,0,300000000.00,300000000.00
Mar 08 2020,OKB,$5.33,0,300000000.00,300000000.00
Mar 08 2020,OKB,$5.33,0,300000000.00,300000000.00
Mar 07 2020,OKB,$5.51,0,300000000.00,300000000.00
Mar 07 2020,OKB,$5.51,0,300000000.00,300000000.00
Mar 07 2020,OKB,$5.51,0,300000000.00,300000000.00
Mar 06 2020,OKB,$5.46,0,300000000.00,300000000.00
Mar 06 2020,OKB,$5.46,0,300000000.00,300000000.00
Mar 05 2020,OKB,$5.45,0,300000000.00,300000000.00
Mar 05 2020,OKB,$5.45,0,300000000.00,300000000.00
Mar 04 2020,OKB,$5.46,0,300000000.00,300000000.00
Mar 04 2020,OKB,$5.46,0,300000000.00,300000000.00
Mar 04 2020,OKB,$5.46,0,300000000.00,300000000.00
Mar 03 2020,OKB,$5.77,0,300000000.00,300000000.00
Mar 03 2020,OKB,$5.77,0,300000000.00,300000000.00
Mar 02 2020,OKB,$5.47,0,300000000.00,300000000.00
Mar 02 2020,OKB,$5.47,0,300000000.00,300000000.00
Mar 02 2020,OKB,$5.47,0,300000000.00,300000000.00
Mar 01 2020,OKB,$5.82,0,300000000.00,300000000.00
Mar 01 2020,OKB,$5.82,0,300000000.00,300000000.00
Feb 29 2020,OKB,$5.65,0,300000000.00,300000000.00
Feb 29 2020,OKB,$5.65,0,300000000.00,300000000.00
Feb 29 2020,OKB,$5.65,0,300000000.00,300000000.00
Feb 28 2020,OKB,$5.53,0,300000000.00,300000000.00
Feb 28 2020,OKB,$5.53,0,300000000.00,300000000.00
Feb 27 2020,OKB,$5.42,0,300000000.00,300000000.00
Feb 27 2020,OKB,$5.42,0,300000000.00,300000000.00
Feb 26 2020,OKB,$5.67,0,300000000.00,300000000.00
Feb 26 2020,OKB,$5.67,0,300000000.00,300000000.00
Feb 26 2020,OKB,$5.67,0,300000000.00,300000000.00
Feb 25 2020,OKB,$6.12,0,300000000.00,300000000.00
Feb 25 2020,OKB,$6.12,0,300000000.00,300000000.00
Feb 24 2020,OKB,$6.56,0,300000000.00,300000000.00
Feb 24 2020,OKB,$6.56,0,300000000.00,300000000.00
Feb 24 2020,OKB,$6.56,0,300000000.00,300000000.00
Feb 23 2020,OKB,$5.79,0,300000000.00,300000000.00
Feb 23 2020,OKB,$5.79,0,300000000.00,300000000.00
Feb 22 2020,OKB,$6.64,0,300000000.00,300000000.00
Feb 22 2020,OKB,$6.64,0,300000000.00,300000000.00
Feb 22 2020,OKB,$6.64,0,300000000.00,300000000.00
Feb 21 2020,OKB,$6.60,0,300000000.00,300000000.00
Feb 21 2020,OKB,$6.60,0,300000000.00,300000000.00
Feb 20 2020,OKB,$6.77,0,300000000.00,300000000.00
Feb 20 2020,OKB,$6.77,0,300000000.00,300000000.00
Feb 19 2020,OKB,$6.75,0,300000000.00,300000000.00
Feb 19 2020,OKB,$6.75,0,300000000.00,300000000.00
Feb 19 2020,OKB,$6.75,0,300000000.00,300000000.00
Feb 18 2020,OKB,$6.60,0,300000000.00,300000000.00
Feb 18 2020,OKB,$6.60,0,300000000.00,300000000.00
Feb 17 2020,OKB,$6.76,0,300000000.00,300000000.00
Feb 17 2020,OKB,$6.76,0,300000000.00,300000000.00
Feb 17 2020,OKB,$6.76,0,300000000.00,300000000.00
Feb 16 2020,OKB,$6.57,0,300000000.00,300000000.00
Feb 16 2020,OKB,$6.57,0,300000000.00,300000000.00
Feb 15 2020,OKB,$6.43,0,300000000.00,300000000.00
Feb 15 2020,OKB,$6.43,0,300000000.00,300000000.00
Feb 14 2020,OKB,$5.89,0,300000000.00,300000000.00
Feb 14 2020,OKB,$5.89,0,300000000.00,300000000.00
Feb 14 2020,OKB,$5.89,0,300000000.00,300000000.00
Feb 13 2020,OKB,$5.91,0,300000000.00,300000000.00
Feb 13 2020,OKB,$5.91,0,300000000.00,300000000.00
Feb 12 2020,OKB,$5.56,0,300000000.00,300000000.00
Feb 12 2020,OKB,$5.56,0,300000000.00,300000000.00
Feb 12 2020,OKB,$5.56,0,300000000.00,300000000.00
Feb 11 2020,OKB,$5.53,0,300000000.00,300000000.00
Feb 11 2020,OKB,$5.53,0,300000000.00,300000000.00
Feb 10 2020,OKB,$3.95,0,300000000.00,300000000.00
Feb 10 2020,OKB,$3.95,0,300000000.00,300000000.00
Feb 10 2020,OKB,$3.95,0,300000000.00,300000000.00
Feb 09 2020,OKB,$3.86,0,300000000.00,300000000.00
Feb 09 2020,OKB,$3.86,0,300000000.00,300000000.00
Feb 08 2020,OKB,$3.84,0,300000000.00,300000000.00
Feb 08 2020,OKB,$3.84,0,300000000.00,300000000.00
Feb 07 2020,OKB,$3.75,0,300000000.00,300000000.00
Feb 07 2020,OKB,$3.75,0,300000000.00,300000000.00
Feb 07 2020,OKB,$3.75,0,300000000.00,300000000.00
Feb 06 2020,OKB,$3.49,0,300000000.00,300000000.00
Feb 06 2020,OKB,$3.49,0,300000000.00,300000000.00
Feb 05 2020,OKB,$3.28,0,300000000.00,300000000.00
Feb 05 2020,OKB,$3.28,0,300000000.00,300000000.00
Feb 05 2020,OKB,$3.28,0,300000000.00,300000000.00
Feb 04 2020,OKB,$3.28,0,300000000.00,300000000.00
Feb 04 2020,OKB,$3.28,0,300000000.00,300000000.00
Feb 03 2020,OKB,$3.25,0,300000000.00,300000000.00
Feb 03 2020,OKB,$3.25,0,300000000.00,300000000.00
Feb 03 2020,OKB,$3.25,0,300000000.00,300000000.00
Feb 02 2020,OKB,$3.25,0,300000000.00,300000000.00
Feb 02 2020,OKB,$3.25,0,300000000.00,300000000.00
Feb 01 2020,OKB,$3.17,0,300000000.00,300000000.00
Feb 01 2020,OKB,$3.17,0,300000000.00,300000000.00
Jan 31 2020,OKB,$3.21,0,300000000.00,300000000.00
Jan 31 2020,OKB,$3.21,0,300000000.00,300000000.00
Jan 31 2020,OKB,$3.21,0,300000000.00,300000000.00
Jan 30 2020,OKB,$3.13,0,300000000.00,300000000.00
Jan 30 2020,OKB,$3.13,0,300000000.00,300000000.00
Jan 29 2020,OKB,$3.04,0,300000000.00,300000000.00
Jan 29 2020,OKB,$3.04,0,300000000.00,300000000.00
Jan 29 2020,OKB,$3.04,0,300000000.00,300000000.00
Jan 28 2020,OKB,$2.94,0,300000000.00,300000000.00
Jan 28 2020,OKB,$2.94,0,300000000.00,300000000.00
Jan 27 2020,OKB,$2.86,0,300000000.00,300000000.00
Jan 27 2020,OKB,$2.86,0,300000000.00,300000000.00
Jan 27 2020,OKB,$2.86,0,300000000.00,300000000.00
Jan 26 2020,OKB,$2.80,0,300000000.00,300000000.00
Jan 26 2020,OKB,$2.80,0,300000000.00,300000000.00
Jan 25 2020,OKB,$2.87,0,300000000.00,300000000.00
Jan 25 2020,OKB,$2.87,0,300000000.00,300000000.00
Jan 24 2020,OKB,$2.78,0,300000000.00,300000000.00
Jan 24 2020,OKB,$2.78,0,300000000.00,300000000.00
Jan 24 2020,OKB,$2.78,0,300000000.00,300000000.00
Jan 23 2020,OKB,$2.92,0,300000000.00,300000000.00
Jan 23 2020,OKB,$2.92,0,300000000.00,300000000.00
Jan 22 2020,OKB,$2.94,0,300000000.00,300000000.00
Jan 22 2020,OKB,$2.94,0,300000000.00,300000000.00
Jan 22 2020,OKB,$2.94,0,300000000.00,300000000.00
Jan 21 2020,OKB,$2.93,0,300000000.00,300000000.00
Jan 21 2020,OKB,$2.93,0,300000000.00,300000000.00
Jan 20 2020,OKB,$2.95,0,300000000.00,300000000.00
Jan 20 2020,OKB,$2.95,0,300000000.00,300000000.00
Jan 20 2020,OKB,$2.95,0,300000000.00,300000000.00
Jan 19 2020,OKB,$2.93,0,300000000.00,300000000.00
Jan 19 2020,OKB,$2.93,0,300000000.00,300000000.00
Jan 18 2020,OKB,$3.06,0,300000000.00,300000000.00
Jan 18 2020,OKB,$3.06,0,300000000.00,300000000.00
Jan 17 2020,OKB,$3.08,0,300000000.00,300000000.00
Jan 17 2020,OKB,$3.08,0,300000000.00,300000000.00
Jan 17 2020,OKB,$3.08,0,300000000.00,300000000.00
Jan 16 2020,OKB,$3.16,0,300000000.00,300000000.00
Jan 16 2020,OKB,$3.16,0,300000000.00,300000000.00
Jan 15 2020,OKB,$3.05,0,300000000.00,300000000.00
Jan 15 2020,OKB,$3.05,0,300000000.00,300000000.00
Jan 15 2020,OKB,$3.05,0,300000000.00,300000000.00
Jan 14 2020,OKB,$2.88,0,300000000.00,300000000.00
Jan 14 2020,OKB,$2.88,0,300000000.00,300000000.00
Jan 13 2020,OKB,$2.90,0,300000000.00,300000000.00
Jan 13 2020,OKB,$2.90,0,300000000.00,300000000.00
Jan 13 2020,OKB,$2.90,0,300000000.00,300000000.00
Jan 12 2020,OKB,$2.89,0,300000000.00,300000000.00
Jan 12 2020,OKB,$2.89,0,300000000.00,300000000.00
Jan 11 2020,OKB,$2.89,0,300000000.00,300000000.00
Jan 11 2020,OKB,$2.89,0,300000000.00,300000000.00
Jan 10 2020,OKB,$2.83,0,300000000.00,300000000.00
Jan 10 2020,OKB,$2.83,0,300000000.00,300000000.00
Jan 10 2020,OKB,$2.83,0,300000000.00,300000000.00
Jan 09 2020,OKB,$2.79,0,300000000.00,300000000.00
Jan 09 2020,OKB,$2.79,0,300000000.00,300000000.00
Jan 08 2020,OKB,$2.88,0,300000000.00,300000000.00
Jan 08 2020,OKB,$2.88,0,300000000.00,300000000.00
Jan 08 2020,OKB,$2.88,0,300000000.00,300000000.00
Jan 07 2020,OKB,$2.79,0,300000000.00,300000000.00
Jan 07 2020,OKB,$2.79,0,300000000.00,300000000.00
Jan 06 2020,OKB,$2.66,0,300000000.00,300000000.00
Jan 06 2020,OKB,$2.66,0,300000000.00,300000000.00
Jan 06 2020,OKB,$2.66,0,300000000.00,300000000.00
Jan 05 2020,OKB,$2.64,0,300000000.00,300000000.00
Jan 05 2020,OKB,$2.64,0,300000000.00,300000000.00
Jan 04 2020,OKB,$2.64,0,300000000.00,300000000.00
Jan 04 2020,OKB,$2.64,0,300000000.00,300000000.00
Jan 03 2020,OKB,$2.55,0,300000000.00,300000000.00
Jan 03 2020,OKB,$2.55,0,300000000.00,300000000.00
Jan 03 2020,OKB,$2.55,0,300000000.00,300000000.00
Jan 02 2020,OKB,$2.62,0,300000000.00,300000000.00
Jan 02 2020,OKB,$2.62,0,300000000.00,300000000.00
Jan 01 2020,OKB,$2.62,0,300000000.00,300000000.00
Jan 01 2020,OKB,$2.62,0,300000000.00,300000000.00
Jan 01 2020,OKB,$2.62,0,300000000.00,300000000.00
Dec 31 2019,OKB,$2.67,0,300000000.00,300000000.00
Dec 31 2019,OKB,$2.67,0,300000000.00,300000000.00
Dec 30 2019,OKB,$2.63,0,300000000.00,300000000.00
Dec 30 2019,OKB,$2.63,0,300000000.00,300000000.00
Dec 29 2019,OKB,$2.61,0,300000000.00,300000000.00
Dec 29 2019,OKB,$2.61,0,300000000.00,300000000.00
Dec 29 2019,OKB,$2.61,0,300000000.00,300000000.00
Dec 28 2019,OKB,$2.61,0,300000000.00,300000000.00
Dec 28 2019,OKB,$2.61,0,300000000.00,300000000.00
Dec 27 2019,OKB,$2.58,0,300000000.00,300000000.00
Dec 27 2019,OKB,$2.58,0,300000000.00,300000000.00
Dec 27 2019,OKB,$2.58,0,300000000.00,300000000.00
Dec 26 2019,OKB,$2.59,0,300000000.00,300000000.00
Dec 26 2019,OKB,$2.59,0,300000000.00,300000000.00
Dec 25 2019,OKB,$2.60,0,300000000.00,300000000.00
Dec 25 2019,OKB,$2.60,0,300000000.00,300000000.00
Dec 25 2019,OKB,$2.60,0,300000000.00,300000000.00
Dec 24 2019,OKB,$2.56,0,300000000.00,300000000.00
Dec 24 2019,OKB,$2.56,0,300000000.00,300000000.00
Dec 23 2019,OKB,$2.56,0,300000000.00,300000000.00
Dec 23 2019,OKB,$2.56,0,300000000.00,300000000.00
Dec 22 2019,OKB,$2.52,0,300000000.00,300000000.00
Dec 22 2019,OKB,$2.52,0,300000000.00,300000000.00
Dec 22 2019,OKB,$2.52,0,300000000.00,300000000.00
Dec 21 2019,OKB,$2.53,0,300000000.00,300000000.00
Dec 21 2019,OKB,$2.53,0,300000000.00,300000000.00
Dec 20 2019,OKB,$2.46,0,300000000.00,300000000.00
Dec 20 2019,OKB,$2.46,0,300000000.00,300000000.00
Dec 20 2019,OKB,$2.46,0,300000000.00,300000000.00
Dec 19 2019,OKB,$2.53,0,300000000.00,300000000.00
Dec 19 2019,OKB,$2.53,0,300000000.00,300000000.00
Dec 18 2019,OKB,$2.30,0,300000000.00,300000000.00
Dec 18 2019,OKB,$2.30,0,300000000.00,300000000.00
Dec 18 2019,OKB,$2.30,0,300000000.00,300000000.00
Dec 17 2019,OKB,$2.52,0,300000000.00,300000000.00
Dec 17 2019,OKB,$2.52,0,300000000.00,300000000.00
Dec 16 2019,OKB,$2.57,0,300000000.00,300000000.00
Dec 16 2019,OKB,$2.57,0,300000000.00,300000000.00
Dec 15 2019,OKB,$2.52,0,300000000.00,300000000.00
Dec 15 2019,OKB,$2.52,0,300000000.00,300000000.00
Dec 15 2019,OKB,$2.52,0,300000000.00,300000000.00
Dec 14 2019,OKB,$2.62,0,300000000.00,300000000.00
Dec 14 2019,OKB,$2.62,0,300000000.00,300000000.00
Dec 13 2019,OKB,$2.63,0,300000000.00,300000000.00
Dec 13 2019,OKB,$2.63,0,300000000.00,300000000.00
Dec 13 2019,OKB,$2.63,0,300000000.00,300000000.00
Dec 12 2019,OKB,$2.55,0,300000000.00,300000000.00
Dec 12 2019,OKB,$2.55,0,300000000.00,300000000.00
Dec 11 2019,OKB,$2.62,0,300000000.00,300000000.00
Dec 11 2019,OKB,$2.62,0,300000000.00,300000000.00
Dec 11 2019,OKB,$2.62,0,300000000.00,300000000.00
Dec 10 2019,OKB,$2.67,0,300000000.00,300000000.00
Dec 10 2019,OKB,$2.67,0,300000000.00,300000000.00
Dec 09 2019,OKB,$2.70,0,300000000.00,300000000.00
Dec 09 2019,OKB,$2.70,0,300000000.00,300000000.00
Dec 08 2019,OKB,$2.66,0,300000000.00,300000000.00
Dec 08 2019,OKB,$2.66,0,300000000.00,300000000.00
Dec 08 2019,OKB,$2.66,0,300000000.00,300000000.00
Dec 07 2019,OKB,$2.59,0,300000000.00,300000000.00
Dec 07 2019,OKB,$2.59,0,300000000.00,300000000.00
Dec 06 2019,OKB,$2.54,0,300000000.00,300000000.00
Dec 06 2019,OKB,$2.54,0,300000000.00,300000000.00
Dec 06 2019,OKB,$2.54,0,300000000.00,300000000.00
Dec 05 2019,OKB,$2.57,0,300000000.00,300000000.00
Dec 05 2019,OKB,$2.57,0,300000000.00,300000000.00
Dec 04 2019,OKB,$2.64,0,300000000.00,300000000.00
Dec 04 2019,OKB,$2.64,0,300000000.00,300000000.00
Dec 04 2019,OKB,$2.64,0,300000000.00,300000000.00
Dec 03 2019,OKB,$2.66,0,300000000.00,300000000.00
Dec 03 2019,OKB,$2.66,0,300000000.00,300000000.00
Dec 02 2019,OKB,$2.49,0,300000000.00,300000000.00
Dec 02 2019,OKB,$2.49,0,300000000.00,300000000.00
Dec 01 2019,OKB,$2.44,0,300000000.00,300000000.00
Dec 01 2019,OKB,$2.44,0,300000000.00,300000000.00
Dec 01 2019,OKB,$2.44,0,300000000.00,300000000.00
Nov 30 2019,OKB,$2.33,0,300000000.00,300000000.00
Nov 30 2019,OKB,$2.33,0,300000000.00,300000000.00
Nov 29 2019,OKB,$2.31,0,300000000.00,300000000.00
Nov 29 2019,OKB,$2.31,0,300000000.00,300000000.00
Nov 29 2019,OKB,$2.31,0,300000000.00,300000000.00
Nov 28 2019,OKB,$2.24,0,300000000.00,300000000.00
Nov 28 2019,OKB,$2.24,0,300000000.00,300000000.00
Nov 27 2019,OKB,$2.15,0,300000000.00,300000000.00
Nov 27 2019,OKB,$2.15,0,300000000.00,300000000.00
Nov 27 2019,OKB,$2.15,0,300000000.00,300000000.00
Dec 10 2019,OKB,$2.67,0,300000000.00,300000000.00
Dec 10 2019,OKB,$2.67,0,300000000.00,300000000.00
Dec 09 2019,OKB,$2.70,0,300000000.00,300000000.00
Dec 09 2019,OKB,$2.70,0,300000000.00,300000000.00
Dec 08 2019,OKB,$2.66,0,300000000.00,300000000.00
Dec 08 2019,OKB,$2.66,0,300000000.00,300000000.00
Dec 08 2019,OKB,$2.66,0,300000000.00,300000000.00
Dec 07 2019,OKB,$2.59,0,300000000.00,300000000.00
Dec 07 2019,OKB,$2.59,0,300000000.00,300000000.00
Dec 06 2019,OKB,$2.54,0,300000000.00,300000000.00
Dec 06 2019,OKB,$2.54,0,300000000.00,300000000.00
Dec 06 2019,OKB,$2.54,0,300000000.00,300000000.00
Dec 05 2019,OKB,$2.57,0,300000000.00,300000000.00
Dec 05 2019,OKB,$2.57,0,300000000.00,300000000.00
Dec 04 2019,OKB,$2.64,0,300000000.00,300000000.00
Dec 04 2019,OKB,$2.64,0,300000000.00,300000000.00
Dec 03 2019,OKB,$2.66,0,300000000.00,300000000.00
Dec 03 2019,OKB,$2.66,0,300000000.00,300000000.00
Dec 03 2019,OKB,$2.66,0,300000000.00,300000000.00
Dec 02 2019,OKB,$2.49,0,300000000.00,300000000.00
Dec 02 2019,OKB,$2.49,0,300000000.00,300000000.00
Dec 01 2019,OKB,$2.44,0,300000000.00,300000000.00
Dec 01 2019,OKB,$2.44,0,300000000.00,300000000.00
Dec 01 2019,OKB,$2.44,0,300000000.00,300000000.00
Nov 30 2019,OKB,$2.33,0,300000000.00,300000000.00
Nov 30 2019,OKB,$2.33,0,300000000.00,300000000.00
Nov 29 2019,OKB,$2.31,0,300000000.00,300000000.00
Nov 29 2019,OKB,$2.31,0,300000000.00,300000000.00
Nov 29 2019,OKB,$2.31,0,300000000.00,300000000.00
Nov 28 2019,OKB,$2.24,0,300000000.00,300000000.00
Nov 28 2019,OKB,$2.24,0,300000000.00,300000000.00
Nov 27 2019,OKB,$2.15,0,300000000.00,300000000.00
Nov 27 2019,OKB,$2.15,0,300000000.00,300000000.00
Nov 26 2019,OKB,$2.07,0,300000000.00,300000000.00
Nov 26 2019,OKB,$2.07,0,300000000.00,300000000.00
Nov 26 2019,OKB,$2.07,0,300000000.00,300000000.00
Nov 25 2019,OKB,$1.94,0,300000000.00,300000000.00
Nov 25 2019,OKB,$1.94,0,300000000.00,300000000.00
Nov 24 2019,OKB,$2.21,0,300000000.00,300000000.00
Nov 24 2019,OKB,$2.21,0,300000000.00,300000000.00
Nov 24 2019,OKB,$2.21,0,300000000.00,300000000.00
Nov 23 2019,OKB,$2.12,0,300000000.00,300000000.00
Nov 23 2019,OKB,$2.12,0,300000000.00,300000000.00
Nov 22 2019,OKB,$2.46,0,300000000.00,300000000.00
Nov 22 2019,OKB,$2.46,0,300000000.00,300000000.00
Nov 22 2019,OKB,$2.46,0,300000000.00,300000000.00
Nov 21 2019,OKB,$2.53,0,300000000.00,300000000.00
Nov 21 2019,OKB,$2.53,0,300000000.00,300000000.00
Nov 20 2019,OKB,$2.58,0,300000000.00,300000000.00
Nov 20 2019,OKB,$2.58,0,300000000.00,300000000.00
Nov 19 2019,OKB,$2.72,0,300000000.00,300000000.00
Nov 19 2019,OKB,$2.72,0,300000000.00,300000000.00
Nov 19 2019,OKB,$2.72,0,300000000.00,300000000.00
Nov 18 2019,OKB,$2.88,0,300000000.00,300000000.00
Nov 18 2019,OKB,$2.88,0,300000000.00,300000000.00
Nov 17 2019,OKB,$2.91,0,300000000.00,300000000.00
Nov 17 2019,OKB,$2.91,0,300000000.00,300000000.00
Nov 17 2019,OKB,$2.91,0,300000000.00,300000000.00
Nov 16 2019,OKB,$2.99,0,300000000.00,300000000.00
Nov 16 2019,OKB,$2.99,0,300000000.00,300000000.00
Nov 15 2019,OKB,$3.30,0,300000000.00,300000000.00
Nov 15 2019,OKB,$3.30,0,300000000.00,300000000.00
Nov 15 2019,OKB,$3.30,0,300000000.00,300000000.00
Nov 14 2019,OKB,$3.29,0,300000000.00,300000000.00
Nov 14 2019,OKB,$3.29,0,300000000.00,300000000.00
Nov 13 2019,OKB,$3.18,0,300000000.00,300000000.00
Nov 13 2019,OKB,$3.18,0,300000000.00,300000000.00
Nov 12 2019,OKB,$3.18,0,300000000.00,300000000.00
Nov 12 2019,OKB,$3.18,0,300000000.00,300000000.00
Nov 12 2019,OKB,$3.18,0,300000000.00,300000000.00
Nov 11 2019,OKB,$3.24,0,300000000.00,300000000.00
Nov 11 2019,OKB,$3.24,0,300000000.00,300000000.00
Nov 10 2019,OKB,$3.10,0,300000000.00,300000000.00
Nov 10 2019,OKB,$3.10,0,300000000.00,300000000.00
Nov 10 2019,OKB,$3.10,0,300000000.00,300000000.00
Nov 09 2019,OKB,$2.97,0,300000000.00,300000000.00
Nov 09 2019,OKB,$2.97,0,300000000.00,300000000.00
Nov 08 2019,OKB,$3.33,0,300000000.00,300000000.00
Nov 08 2019,OKB,$3.33,0,300000000.00,300000000.00
Nov 08 2019,OKB,$3.33,0,300000000.00,300000000.00
Nov 07 2019,OKB,$3.38,0,300000000.00,300000000.00
Nov 07 2019,OKB,$3.38,0,300000000.00,300000000.00
Nov 06 2019,OKB,$3.26,0,300000000.00,300000000.00
Nov 06 2019,OKB,$3.26,0,300000000.00,300000000.00
Nov 05 2019,OKB,$3.23,0,300000000.00,300000000.00
Nov 05 2019,OKB,$3.23,0,300000000.00,300000000.00
Nov 05 2019,OKB,$3.23,0,300000000.00,300000000.00
Nov 04 2019,OKB,$3.13,0,300000000.00,300000000.00
Nov 04 2019,OKB,$3.13,0,300000000.00,300000000.00
Nov 03 2019,OKB,$3.26,0,300000000.00,300000000.00
Nov 03 2019,OKB,$3.26,0,300000000.00,300000000.00
Nov 03 2019,OKB,$3.26,0,300000000.00,300000000.00
Nov 02 2019,OKB,$3.14,0,300000000.00,300000000.00
Nov 02 2019,OKB,$3.14,0,300000000.00,300000000.00
Nov 01 2019,OKB,$2.96,0,300000000.00,300000000.00
Nov 01 2019,OKB,$2.96,0,300000000.00,300000000.00
Nov 01 2019,OKB,$2.96,0,300000000.00,300000000.00
Oct 31 2019,OKB,$2.90,0,300000000.00,300000000.00
Oct 31 2019,OKB,$2.90,0,300000000.00,300000000.00
Oct 30 2019,OKB,$2.99,0,300000000.00,300000000.00
Oct 30 2019,OKB,$2.99,0,300000000.00,300000000.00
Oct 29 2019,OKB,$2.98,0,300000000.00,300000000.00
Oct 29 2019,OKB,$2.98,0,300000000.00,300000000.00
Oct 29 2019,OKB,$2.98,0,300000000.00,300000000.00
Oct 28 2019,OKB,$2.98,0,300000000.00,300000000.00
Oct 28 2019,OKB,$2.98,0,300000000.00,300000000.00
Oct 27 2019,OKB,$2.70,0,300000000.00,300000000.00
Oct 27 2019,OKB,$2.70,0,300000000.00,300000000.00
Oct 27 2019,OKB,$2.70,0,300000000.00,300000000.00
Oct 26 2019,OKB,$2.64,0,300000000.00,300000000.00
Oct 26 2019,OKB,$2.64,0,300000000.00,300000000.00
Oct 25 2019,OKB,$2.34,0,300000000.00,300000000.00
Oct 25 2019,OKB,$2.34,0,300000000.00,300000000.00
Oct 25 2019,OKB,$2.34,0,300000000.00,300000000.00
Oct 24 2019,OKB,$2.39,0,300000000.00,300000000.00
Oct 24 2019,OKB,$2.39,0,300000000.00,300000000.00
Oct 23 2019,OKB,$2.43,0,300000000.00,300000000.00
Oct 23 2019,OKB,$2.43,0,300000000.00,300000000.00
Oct 22 2019,OKB,$2.54,0,300000000.00,300000000.00
Oct 22 2019,OKB,$2.54,0,300000000.00,300000000.00
Oct 22 2019,OKB,$2.54,0,300000000.00,300000000.00
Oct 21 2019,OKB,$2.40,0,300000000.00,300000000.00
Oct 21 2019,OKB,$2.40,0,300000000.00,300000000.00
Oct 20 2019,OKB,$2.32,0,300000000.00,300000000.00
Oct 20 2019,OKB,$2.32,0,300000000.00,300000000.00
Oct 20 2019,OKB,$2.32,0,300000000.00,300000000.00
Oct 19 2019,OKB,$2.31,0,300000000.00,300000000.00
Oct 19 2019,OKB,$2.31,0,300000000.00,300000000.00
Oct 18 2019,OKB,$2.36,0,300000000.00,300000000.00
Oct 18 2019,OKB,$2.36,0,300000000.00,300000000.00
Oct 17 2019,OKB,$2.39,0,300000000.00,300000000.00
Oct 17 2019,OKB,$2.39,0,300000000.00,300000000.00
Oct 17 2019,OKB,$2.39,0,300000000.00,300000000.00
Oct 16 2019,OKB,$2.40,0,300000000.00,300000000.00
Oct 16 2019,OKB,$2.40,0,300000000.00,300000000.00
Oct 15 2019,OKB,$2.41,0,300000000.00,300000000.00
Oct 15 2019,OKB,$2.41,0,300000000.00,300000000.00
Oct 15 2019,OKB,$2.41,0,300000000.00,300000000.00
Oct 14 2019,OKB,$2.28,0,300000000.00,300000000.00
Oct 14 2019,OKB,$2.28,0,300000000.00,300000000.00
Oct 13 2019,OKB,$2.28,0,300000000.00,300000000.00
Oct 13 2019,OKB,$2.28,0,300000000.00,300000000.00
Oct 13 2019,OKB,$2.28,0,300000000.00,300000000.00
Oct 12 2019,OKB,$2.22,0,300000000.00,300000000.00
Oct 12 2019,OKB,$2.22,0,300000000.00,300000000.00
Oct 11 2019,OKB,$2.30,0,300000000.00,300000000.00
Oct 11 2019,OKB,$2.30,0,300000000.00,300000000.00
Oct 10 2019,OKB,$2.29,0,300000000.00,300000000.00
Oct 10 2019,OKB,$2.29,0,300000000.00,300000000.00
Oct 10 2019,OKB,$2.29,0,300000000.00,300000000.00
Oct 09 2019,OKB,$2.08,0,300000000.00,300000000.00
Oct 09 2019,OKB,$2.08,0,300000000.00,300000000.00
Oct 08 2019,OKB,$2.10,0,300000000.00,300000000.00
Oct 08 2019,OKB,$2.10,0,300000000.00,300000000.00
Oct 08 2019,OKB,$2.10,0,300000000.00,300000000.00
Oct 07 2019,OKB,$2.00,0,300000000.00,300000000.00
Oct 07 2019,OKB,$2.00,0,300000000.00,300000000.00
Oct 06 2019,OKB,$2.12,0,300000000.00,300000000.00
Oct 06 2019,OKB,$2.12,0,300000000.00,300000000.00
Oct 06 2019,OKB,$2.12,0,300000000.00,300000000.00
Oct 05 2019,OKB,$2.12,0,300000000.00,300000000.00
Oct 05 2019,OKB,$2.12,0,300000000.00,300000000.00
Oct 04 2019,OKB,$2.13,0,300000000.00,300000000.00
Oct 04 2019,OKB,$2.13,0,300000000.00,300000000.00
Oct 03 2019,OKB,$2.12,0,300000000.00,300000000.00
Oct 03 2019,OKB,$2.12,0,300000000.00,300000000.00
Oct 03 2019,OKB,$2.12,0,300000000.00,300000000.00
Oct 02 2019,OKB,$2.12,0,300000000.00,300000000.00
Oct 02 2019,OKB,$2.12,0,300000000.00,300000000.00
Oct 01 2019,OKB,$2.10,0,300000000.00,300000000.00
Oct 01 2019,OKB,$2.10,0,300000000.00,300000000.00
Oct 01 2019,OKB,$2.10,0,300000000.00,300000000.00
Sep 30 2019,OKB,$2.09,0,300000000.00,300000000.00
Sep 30 2019,OKB,$2.09,0,300000000.00,300000000.00
Sep 29 2019,OKB,$2.16,0,300000000.00,300000000.00
Sep 29 2019,OKB,$2.16,0,300000000.00,300000000.00
Sep 29 2019,OKB,$2.16,0,300000000.00,300000000.00
Sep 28 2019,OKB,$2.16,0,300000000.00,300000000.00
Sep 28 2019,OKB,$2.16,0,300000000.00,300000000.00
Sep 27 2019,OKB,$2.11,0,300000000.00,300000000.00
Sep 27 2019,OKB,$2.11,0,300000000.00,300000000.00
Sep 26 2019,OKB,$2.15,0,300000000.00,300000000.00
Sep 26 2019,OKB,$2.15,0,300000000.00,300000000.00
Sep 26 2019,OKB,$2.15,0,300000000.00,300000000.00
Sep 25 2019,OKB,$2.18,0,300000000.00,300000000.00
Sep 25 2019,OKB,$2.18,0,300000000.00,300000000.00
Sep 24 2019,OKB,$2.57,0,300000000.00,300000000.00
Sep 24 2019,OKB,$2.57,0,300000000.00,300000000.00
Sep 24 2019,OKB,$2.57,0,300000000.00,300000000.00
Sep 23 2019,OKB,$2.73,0,300000000.00,300000000.00
Sep 23 2019,OKB,$2.73,0,300000000.00,300000000.00
Sep 22 2019,OKB,$2.79,0,300000000.00,300000000.00
Sep 22 2019,OKB,$2.79,0,300000000.00,300000000.00
Sep 22 2019,OKB,$2.79,0,300000000.00,300000000.00
Sep 21 2019,OKB,$2.76,0,300000000.00,300000000.00
Sep 21 2019,OKB,$2.76,0,300000000.00,300000000.00
Sep 20 2019,OKB,$2.79,0,300000000.00,300000000.00
Sep 20 2019,OKB,$2.79,0,300000000.00,300000000.00
Sep 19 2019,OKB,$2.83,0,300000000.00,300000000.00
Sep 19 2019,OKB,$2.83,0,300000000.00,300000000.00
Sep 19 2019,OKB,$2.83,0,300000000.00,300000000.00
Sep 18 2019,OKB,$2.69,0,300000000.00,300000000.00
Sep 18 2019,OKB,$2.69,0,300000000.00,300000000.00
Sep 17 2019,OKB,$2.71,0,300000000.00,300000000.00
Sep 17 2019,OKB,$2.71,0,300000000.00,300000000.00
Sep 17 2019,OKB,$2.71,0,300000000.00,300000000.00
Sep 16 2019,OKB,$2.76,0,300000000.00,300000000.00
Sep 16 2019,OKB,$2.76,0,300000000.00,300000000.00
Sep 15 2019,OKB,$2.79,0,300000000.00,300000000.00
Sep 15 2019,OKB,$2.79,0,300000000.00,300000000.00
Sep 15 2019,OKB,$2.79,0,300000000.00,300000000.00
Sep 14 2019,OKB,$2.78,0,300000000.00,300000000.00
Sep 14 2019,OKB,$2.78,0,300000000.00,300000000.00
Sep 13 2019,OKB,$2.78,0,300000000.00,300000000.00
Sep 13 2019,OKB,$2.78,0,300000000.00,300000000.00
Sep 12 2019,OKB,$2.82,0,300000000.00,300000000.00
Sep 12 2019,OKB,$2.82,0,300000000.00,300000000.00
Sep 12 2019,OKB,$2.82,0,300000000.00,300000000.00
Sep 11 2019,OKB,$2.75,0,300000000.00,300000000.00
Sep 11 2019,OKB,$2.75,0,300000000.00,300000000.00
Sep 10 2019,OKB,$2.68,0,300000000.00,300000000.00
Sep 10 2019,OKB,$2.68,0,300000000.00,300000000.00
Sep 10 2019,OKB,$2.68,0,300000000.00,300000000.00
Sep 09 2019,OKB,$2.68,0,300000000.00,300000000.00
Sep 09 2019,OKB,$2.68,0,300000000.00,300000000.00
Sep 08 2019,OKB,$2.69,0,300000000.00,300000000.00
Sep 08 2019,OKB,$2.69,0,300000000.00,300000000.00
Sep 07 2019,OKB,$2.68,0,300000000.00,300000000.00
Sep 07 2019,OKB,$2.68,0,300000000.00,300000000.00
Sep 07 2019,OKB,$2.68,0,300000000.00,300000000.00
Sep 06 2019,OKB,$2.78,0,300000000.00,300000000.00
Sep 06 2019,OKB,$2.78,0,300000000.00,300000000.00
Sep 05 2019,OKB,$2.82,0,300000000.00,300000000.00
Sep 05 2019,OKB,$2.82,0,300000000.00,300000000.00
Sep 05 2019,OKB,$2.82,0,300000000.00,300000000.00
Sep 04 2019,OKB,$2.80,0,300000000.00,300000000.00
Sep 04 2019,OKB,$2.80,0,300000000.00,300000000.00
Sep 03 2019,OKB,$2.68,0,300000000.00,300000000.00
Sep 03 2019,OKB,$2.68,0,300000000.00,300000000.00
Sep 03 2019,OKB,$2.68,0,300000000.00,300000000.00
Sep 02 2019,OKB,$2.49,0,300000000.00,300000000.00
Sep 02 2019,OKB,$2.49,0,300000000.00,300000000.00
Sep 01 2019,OKB,$2.46,0,300000000.00,300000000.00
Sep 01 2019,OKB,$2.46,0,300000000.00,300000000.00
Aug 31 2019,OKB,$2.45,0,300000000.00,300000000.00
Aug 31 2019,OKB,$2.45,0,300000000.00,300000000.00
Aug 31 2019,OKB,$2.45,0,300000000.00,300000000.00
Aug 30 2019,OKB,$2.47,0,300000000.00,300000000.00
Aug 30 2019,OKB,$2.47,0,300000000.00,300000000.00
Aug 29 2019,OKB,$2.60,0,300000000.00,300000000.00
Aug 29 2019,OKB,$2.60,0,300000000.00,300000000.00
Aug 29 2019,OKB,$2.60,0,300000000.00,300000000.00
Aug 28 2019,OKB,$2.86,0,300000000.00,300000000.00
Aug 28 2019,OKB,$2.86,0,300000000.00,300000000.00
Aug 27 2019,OKB,$2.96,0,300000000.00,300000000.00
Aug 27 2019,OKB,$2.96,0,300000000.00,300000000.00
Aug 27 2019,OKB,$2.96,0,300000000.00,300000000.00
Aug 26 2019,OKB,$2.95,0,300000000.00,300000000.00
Aug 26 2019,OKB,$2.95,0,300000000.00,300000000.00
Aug 25 2019,OKB,$2.97,0,300000000.00,300000000.00
Aug 25 2019,OKB,$2.97,0,300000000.00,300000000.00
Aug 24 2019,OKB,$2.98,0,300000000.00,300000000.00
Aug 24 2019,OKB,$2.98,0,300000000.00,300000000.00
Aug 24 2019,OKB,$2.98,0,300000000.00,300000000.00
Aug 23 2019,OKB,$2.92,0,300000000.00,300000000.00
Aug 23 2019,OKB,$2.92,0,300000000.00,300000000.00
Aug 22 2019,OKB,$2.85,0,300000000.00,300000000.00
Aug 22 2019,OKB,$2.85,0,300000000.00,300000000.00
Aug 22 2019,OKB,$2.85,0,300000000.00,300000000.00
Aug 21 2019,OKB,$3.03,0,300000000.00,300000000.00
Aug 21 2019,OKB,$3.03,0,300000000.00,300000000.00
Aug 20 2019,OKB,$3.04,0,300000000.00,300000000.00
Aug 20 2019,OKB,$3.04,0,300000000.00,300000000.00
Aug 20 2019,OKB,$3.04,0,300000000.00,300000000.00
Aug 19 2019,OKB,$3.09,0,300000000.00,300000000.00
Aug 19 2019,OKB,$3.09,0,300000000.00,300000000.00
Aug 18 2019,OKB,$3.10,0,300000000.00,300000000.00
Aug 18 2019,OKB,$3.10,0,300000000.00,300000000.00
Aug 17 2019,OKB,$2.99,0,300000000.00,300000000.00
Aug 17 2019,OKB,$2.99,0,300000000.00,300000000.00
Aug 17 2019,OKB,$2.99,0,300000000.00,300000000.00
Aug 16 2019,OKB,$3.12,0,300000000.00,300000000.00
Aug 16 2019,OKB,$3.12,0,300000000.00,300000000.00
Aug 15 2019,OKB,$2.85,0,300000000.00,300000000.00
Aug 15 2019,OKB,$2.85,0,300000000.00,300000000.00
Aug 15 2019,OKB,$2.85,0,300000000.00,300000000.00
Aug 14 2019,OKB,$3.14,0,300000000.00,300000000.00
Aug 14 2019,OKB,$3.14,0,300000000.00,300000000.00
Aug 13 2019,OKB,$3.05,0,300000000.00,300000000.00
Aug 13 2019,OKB,$3.05,0,300000000.00,300000000.00
Aug 13 2019,OKB,$3.05,0,300000000.00,300000000.00
Aug 12 2019,OKB,$3.16,0,300000000.00,300000000.00
Aug 12 2019,OKB,$3.16,0,300000000.00,300000000.00
Aug 11 2019,OKB,$3.48,0,300000000.00,300000000.00
Aug 11 2019,OKB,$3.48,0,300000000.00,300000000.00
Aug 10 2019,OKB,$3.88,0,300000000.00,300000000.00
Aug 10 2019,OKB,$3.88,0,300000000.00,300000000.00
Aug 10 2019,OKB,$3.88,0,300000000.00,300000000.00
Aug 09 2019,OKB,$3.90,0,300000000.00,300000000.00
Aug 09 2019,OKB,$3.90,0,300000000.00,300000000.00
Aug 08 2019,OKB,$3.62,0,300000000.00,300000000.00
Aug 08 2019,OKB,$3.62,0,300000000.00,300000000.00
Aug 08 2019,OKB,$3.62,0,300000000.00,300000000.00
Aug 07 2019,OKB,$3.43,0,300000000.00,300000000.00
Aug 07 2019,OKB,$3.43,0,300000000.00,300000000.00
Aug 06 2019,OKB,$3.16,0,300000000.00,300000000.00
Aug 06 2019,OKB,$3.16,0,300000000.00,300000000.00
Aug 06 2019,OKB,$3.16,0,300000000.00,300000000.00
Aug 05 2019,OKB,$3.15,0,300000000.00,300000000.00
Aug 05 2019,OKB,$3.15,0,300000000.00,300000000.00
Aug 04 2019,OKB,$3.00,0,300000000.00,300000000.00
Aug 04 2019,OKB,$3.00,0,300000000.00,300000000.00
Aug 03 2019,OKB,$2.99,0,300000000.00,300000000.00
Aug 03 2019,OKB,$2.99,0,300000000.00,300000000.00
Aug 03 2019,OKB,$2.99,0,300000000.00,300000000.00
Aug 02 2019,OKB,$2.79,0,300000000.00,300000000.00
Aug 02 2019,OKB,$2.79,0,300000000.00,300000000.00
Aug 01 2019,OKB,$2.67,0,300000000.00,300000000.00
Aug 01 2019,OKB,$2.67,0,300000000.00,300000000.00
Aug 01 2019,OKB,$2.67,0,300000000.00,300000000.00
Jul 31 2019,OKB,$2.72,0,300000000.00,300000000.00
Jul 31 2019,OKB,$2.72,0,300000000.00,300000000.00
Jul 30 2019,OKB,$2.69,0,300000000.00,300000000.00
Jul 30 2019,OKB,$2.69,0,300000000.00,300000000.00
Jul 30 2019,OKB,$2.69,0,300000000.00,300000000.00
Jul 29 2019,OKB,$2.58,0,300000000.00,300000000.00
Jul 29 2019,OKB,$2.58,0,300000000.00,300000000.00
Jul 28 2019,OKB,$2.61,0,300000000.00,300000000.00
Jul 28 2019,OKB,$2.61,0,300000000.00,300000000.00
Jul 27 2019,OKB,$2.77,0,300000000.00,300000000.00
Jul 27 2019,OKB,$2.77,0,300000000.00,300000000.00
Jul 27 2019,OKB,$2.77,0,300000000.00,300000000.00
Jul 26 2019,OKB,$2.59,0,300000000.00,300000000.00
Jul 26 2019,OKB,$2.59,0,300000000.00,300000000.00
Jul 25 2019,OKB,$2.61,0,300000000.00,300000000.00
Jul 25 2019,OKB,$2.61,0,300000000.00,300000000.00
Jul 25 2019,OKB,$2.61,0,300000000.00,300000000.00
Jul 24 2019,OKB,$2.45,0,300000000.00,300000000.00
Jul 24 2019,OKB,$2.45,0,300000000.00,300000000.00
Jul 23 2019,OKB,$2.60,0,300000000.00,300000000.00
Jul 23 2019,OKB,$2.60,0,300000000.00,300000000.00
Jul 22 2019,OKB,$2.20,0,300000000.00,300000000.00
Jul 22 2019,OKB,$2.20,0,300000000.00,300000000.00
Jul 22 2019,OKB,$2.20,0,300000000.00,300000000.00
Jul 21 2019,OKB,$2.01,0,300000000.00,300000000.00
Jul 21 2019,OKB,$2.01,0,300000000.00,300000000.00
Jul 20 2019,OKB,$1.99,0,300000000.00,300000000.00
Jul 20 2019,OKB,$1.99,0,300000000.00,300000000.00
Jul 20 2019,OKB,$1.99,0,300000000.00,300000000.00
Jul 19 2019,OKB,$1.94,0,300000000.00,300000000.00
Jul 19 2019,OKB,$1.94,0,300000000.00,300000000.00
Jul 18 2019,OKB,$1.84,0,300000000.00,300000000.00
Jul 18 2019,OKB,$1.84,0,300000000.00,300000000.00
Jul 18 2019,OKB,$1.84,0,300000000.00,300000000.00
Jul 17 2019,OKB,$1.82,0,300000000.00,300000000.00
Jul 17 2019,OKB,$1.82,0,300000000.00,300000000.00
Jul 16 2019,OKB,$1.95,0,300000000.00,300000000.00
Jul 16 2019,OKB,$1.95,0,300000000.00,300000000.00
Jul 15 2019,OKB,$1.92,0,300000000.00,300000000.00
Jul 15 2019,OKB,$1.92,0,300000000.00,300000000.00
Jul 15 2019,OKB,$1.92,0,300000000.00,300000000.00
Jul 14 2019,OKB,$2.00,0,300000000.00,300000000.00
Jul 14 2019,OKB,$2.00,0,300000000.00,300000000.00
Jul 13 2019,OKB,$1.98,0,300000000.00,300000000.00
Jul 13 2019,OKB,$1.98,0,300000000.00,300000000.00
Jul 13 2019,OKB,$1.98,0,300000000.00,300000000.00
Jul 12 2019,OKB,$1.73,0,300000000.00,300000000.00
Jul 12 2019,OKB,$1.73,0,300000000.00,300000000.00
Jul 11 2019,OKB,$1.71,0,300000000.00,300000000.00
Jul 11 2019,OKB,$1.71,0,300000000.00,300000000.00
Jul 11 2019,OKB,$1.71,0,300000000.00,300000000.00
Jul 10 2019,OKB,$1.84,0,300000000.00,300000000.00
Jul 10 2019,OKB,$1.84,0,300000000.00,300000000.00
Jul 09 2019,OKB,$1.90,0,300000000.00,300000000.00
Jul 09 2019,OKB,$1.90,0,300000000.00,300000000.00
Jul 08 2019,OKB,$1.89,0,300000000.00,300000000.00
Jul 08 2019,OKB,$1.89,0,300000000.00,300000000.00
Jul 08 2019,OKB,$1.89,0,300000000.00,300000000.00
Jul 07 2019,OKB,$1.87,0,300000000.00,300000000.00
Jul 07 2019,OKB,$1.87,0,300000000.00,300000000.00
Jul 06 2019,OKB,$1.88,0,300000000.00,300000000.00
Jul 06 2019,OKB,$1.88,0,300000000.00,300000000.00
Jul 06 2019,OKB,$1.88,0,300000000.00,300000000.00
Jul 05 2019,OKB,$1.85,0,300000000.00,300000000.00
Jul 05 2019,OKB,$1.85,0,300000000.00,300000000.00
Jul 04 2019,OKB,$1.79,0,300000000.00,300000000.00
Jul 04 2019,OKB,$1.79,0,300000000.00,300000000.00
Jul 04 2019,OKB,$1.79,0,300000000.00,300000000.00
Jul 03 2019,OKB,$1.73,0,300000000.00,300000000.00
Jul 03 2019,OKB,$1.73,0,300000000.00,300000000.00
Jul 02 2019,OKB,$1.76,0,300000000.00,300000000.00
Jul 02 2019,OKB,$1.76,0,300000000.00,300000000.00
Jul 01 2019,OKB,$1.81,0,300000000.00,300000000.00
Jul 01 2019,OKB,$1.81,0,300000000.00,300000000.00
Jul 01 2019,OKB,$1.81,0,300000000.00,300000000.00
Jun 30 2019,OKB,$1.90,0,300000000.00,300000000.00
Jun 30 2019,OKB,$1.90,0,300000000.00,300000000.00
Jun 29 2019,OKB,$1.82,0,300000000.00,300000000.00
Jun 29 2019,OKB,$1.82,0,300000000.00,300000000.00
Jun 29 2019,OKB,$1.82,0,300000000.00,300000000.00
Jun 28 2019,OKB,$1.76,0,300000000.00,300000000.00
Jun 28 2019,OKB,$1.76,0,300000000.00,300000000.00
Jun 27 2019,OKB,$1.84,0,300000000.00,300000000.00
Jun 27 2019,OKB,$1.84,0,300000000.00,300000000.00
Jun 27 2019,OKB,$1.84,0,300000000.00,300000000.00
Jun 26 2019,OKB,$1.66,0,300000000.00,300000000.00
Jun 26 2019,OKB,$1.66,0,300000000.00,300000000.00
Jun 25 2019,OKB,$1.67,0,300000000.00,300000000.00
Jun 25 2019,OKB,$1.67,0,300000000.00,300000000.00
Jun 24 2019,OKB,$1.62,0,300000000.00,300000000.00
Jun 24 2019,OKB,$1.62,0,300000000.00,300000000.00
Jun 24 2019,OKB,$1.62,0,300000000.00,300000000.00
Jun 23 2019,OKB,$1.63,0,300000000.00,300000000.00
Jun 23 2019,OKB,$1.63,0,300000000.00,300000000.00
Jun 22 2019,OKB,$1.61,0,300000000.00,300000000.00
Jun 22 2019,OKB,$1.61,0,300000000.00,300000000.00
Jun 22 2019,OKB,$1.61,0,300000000.00,300000000.00
Jun 21 2019,OKB,$1.69,0,300000000.00,300000000.00
Jun 21 2019,OKB,$1.69,0,300000000.00,300000000.00
Jun 20 2019,OKB,$1.68,0,300000000.00,300000000.00
Jun 20 2019,OKB,$1.68,0,300000000.00,300000000.00
Jun 20 2019,OKB,$1.68,0,300000000.00,300000000.00
Jun 20 2019,OKB,$1.68,0,300000000.00,300000000.00
Jun 19 2019,OKB,$1.65,0,300000000.00,300000000.00
Jun 19 2019,OKB,$1.65,0,300000000.00,300000000.00
Jun 18 2019,OKB,$1.69,0,300000000.00,300000000.00
Jun 18 2019,OKB,$1.69,0,300000000.00,300000000.00
Jun 17 2019,OKB,$1.64,0,300000000.00,300000000.00
Jun 17 2019,OKB,$1.64,0,300000000.00,300000000.00
Jun 17 2019,OKB,$1.64,0,300000000.00,300000000.00
Jun 16 2019,OKB,$1.64,0,300000000.00,300000000.00
Jun 16 2019,OKB,$1.64,0,300000000.00,300000000.00
Jun 15 2019,OKB,$1.62,0,300000000.00,300000000.00
Jun 15 2019,OKB,$1.62,0,300000000.00,300000000.00
Jun 15 2019,OKB,$1.62,0,300000000.00,300000000.00
Jun 14 2019,OKB,$1.63,0,300000000.00,300000000.00
Jun 14 2019,OKB,$1.63,0,300000000.00,300000000.00
Jun 13 2019,OKB,$1.68,0,300000000.00,300000000.00
Jun 13 2019,OKB,$1.68,0,300000000.00,300000000.00
Jun 13 2019,OKB,$1.68,0,300000000.00,300000000.00
Jun 12 2019,OKB,$1.58,0,300000000.00,300000000.00
Jun 12 2019,OKB,$1.58,0,300000000.00,300000000.00
Jun 11 2019,OKB,$1.58,0,300000000.00,300000000.00
Jun 11 2019,OKB,$1.58,0,300000000.00,300000000.00
Jun 10 2019,OKB,$1.45,0,300000000.00,300000000.00
Jun 10 2019,OKB,$1.45,0,300000000.00,300000000.00
Jun 10 2019,OKB,$1.45,0,300000000.00,300000000.00
Jun 09 2019,OKB,$1.47,0,300000000.00,300000000.00
Jun 09 2019,OKB,$1.47,0,300000000.00,300000000.00
Jun 08 2019,OKB,$1.46,0,300000000.00,300000000.00
Jun 08 2019,OKB,$1.46,0,300000000.00,300000000.00
Jun 08 2019,OKB,$1.46,0,300000000.00,300000000.00
Jun 07 2019,OKB,$1.41,0,300000000.00,300000000.00
Jun 07 2019,OKB,$1.41,0,300000000.00,300000000.00
Jun 06 2019,OKB,$1.41,0,300000000.00,300000000.00
Jun 06 2019,OKB,$1.41,0,300000000.00,300000000.00
Jun 05 2019,OKB,$1.40,0,300000000.00,300000000.00
Jun 05 2019,OKB,$1.40,0,300000000.00,300000000.00
Jun 05 2019,OKB,$1.40,0,300000000.00,300000000.00
Jun 04 2019,OKB,$1.47,0,300000000.00,300000000.00
Jun 04 2019,OKB,$1.47,0,300000000.00,300000000.00
Jun 03 2019,OKB,$1.52,0,300000000.00,300000000.00
Jun 03 2019,OKB,$1.52,0,300000000.00,300000000.00
Jun 03 2019,OKB,$1.52,0,300000000.00,300000000.00
Jun 02 2019,OKB,$1.49,0,300000000.00,300000000.00
Jun 02 2019,OKB,$1.49,0,300000000.00,300000000.00
Jun 01 2019,OKB,$1.50,0,300000000.00,300000000.00
Jun 01 2019,OKB,$1.50,0,300000000.00,300000000.00
Jun 01 2019,OKB,$1.50,0,300000000.00,300000000.00
May 31 2019,OKB,$1.52,0,300000000.00,300000000.00
May 31 2019,OKB,$1.52,0,300000000.00,300000000.00
May 30 2019,OKB,$1.60,0,300000000.00,300000000.00
May 30 2019,OKB,$1.60,0,300000000.00,300000000.00
May 29 2019,OKB,$1.65,0,300000000.00,300000000.00
May 29 2019,OKB,$1.65,0,300000000.00,300000000.00
May 29 2019,OKB,$1.65,0,300000000.00,300000000.00
May 28 2019,OKB,$1.65,0,300000000.00,300000000.00
May 28 2019,OKB,$1.65,0,300000000.00,300000000.00
May 27 2019,OKB,$1.66,0,300000000.00,300000000.00
May 27 2019,OKB,$1.66,0,300000000.00,300000000.00
May 27 2019,OKB,$1.66,0,300000000.00,300000000.00
May 26 2019,OKB,$1.64,0,300000000.00,300000000.00
May 26 2019,OKB,$1.64,0,300000000.00,300000000.00
May 25 2019,OKB,$1.62,0,300000000.00,300000000.00
May 25 2019,OKB,$1.62,0,300000000.00,300000000.00
May 25 2019,OKB,$1.62,0,300000000.00,300000000.00
May 24 2019,OKB,$1.53,0,300000000.00,300000000.00
May 24 2019,OKB,$1.53,0,300000000.00,300000000.00
May 23 2019,OKB,$1.47,0,300000000.00,300000000.00
May 23 2019,OKB,$1.47,0,300000000.00,300000000.00
May 22 2019,OKB,$1.42,0,300000000.00,300000000.00
May 22 2019,OKB,$1.42,0,300000000.00,300000000.00
May 22 2019,OKB,$1.42,0,300000000.00,300000000.00
May 21 2019,OKB,$1.36,0,300000000.00,300000000.00
May 21 2019,OKB,$1.36,0,300000000.00,300000000.00
May 20 2019,OKB,$1.40,0,300000000.00,300000000.00
May 20 2019,OKB,$1.40,0,300000000.00,300000000.00
May 20 2019,OKB,$1.40,0,300000000.00,300000000.00
May 19 2019,OKB,$1.35,0,300000000.00,300000000.00
May 19 2019,OKB,$1.35,0,300000000.00,300000000.00
May 18 2019,OKB,$1.36,0,300000000.00,300000000.00
May 18 2019,OKB,$1.36,0,300000000.00,300000000.00
May 18 2019,OKB,$1.36,0,300000000.00,300000000.00
May 17 2019,OKB,$1.47,0,300000000.00,300000000.00
May 17 2019,OKB,$1.47,0,300000000.00,300000000.00
May 16 2019,OKB,$1.56,0,300000000.00,300000000.00
May 16 2019,OKB,$1.56,0,300000000.00,300000000.00
May 15 2019,OKB,$1.42,0,300000000.00,300000000.00
May 15 2019,OKB,$1.42,0,300000000.00,300000000.00
May 15 2019,OKB,$1.42,0,300000000.00,300000000.00
May 14 2019,OKB,$1.42,0,300000000.00,300000000.00
May 14 2019,OKB,$1.42,0,300000000.00,300000000.00
May 13 2019,OKB,$1.42,0,300000000.00,300000000.00
May 13 2019,OKB,$1.42,0,300000000.00,300000000.00
May 13 2019,OKB,$1.42,0,300000000.00,300000000.00
May 12 2019,OKB,$1.44,0,300000000.00,300000000.00
May 12 2019,OKB,$1.44,0,300000000.00,300000000.00
May 11 2019,OKB,$1.52,0,300000000.00,300000000.00
May 11 2019,OKB,$1.52,0,300000000.00,300000000.00
May 11 2019,OKB,$1.52,0,300000000.00,300000000.00
May 10 2019,OKB,$1.62,0,300000000.00,300000000.00
May 10 2019,OKB,$1.62,0,300000000.00,300000000.00
May 09 2019,OKB,$1.60,0,300000000.00,300000000.00
May 09 2019,OKB,$1.60,0,300000000.00,300000000.00
May 08 2019,OKB,$1.58,0,300000000.00,300000000.00
May 08 2019,OKB,$1.58,0,300000000.00,300000000.00
May 08 2019,OKB,$1.58,0,300000000.00,300000000.00
May 07 2019,OKB,$1.60,0,300000000.00,300000000.00
May 07 2019,OKB,$1.60,0,300000000.00,300000000.00
May 06 2019,OKB,$1.58,0,300000000.00,300000000.00
May 06 2019,OKB,$1.58,0,300000000.00,300000000.00
May 06 2019,OKB,$1.58,0,300000000.00,300000000.00
May 05 2019,OKB,$1.58,0,300000000.00,300000000.00
May 05 2019,OKB,$1.58,0,300000000.00,300000000.00
May 04 2019,OKB,$1.62,0,300000000.00,300000000.00
May 04 2019,OKB,$1.62,0,300000000.00,300000000.00
May 04 2019,OKB,$1.62,0,300000000.00,300000000.00
May 03 2019,OKB,$1.60,0,300000000.00,300000000.00
May 03 2019,OKB,$1.60,0,300000000.00,300000000.00
May 02 2019,OKB,$1.59,0,300000000.00,300000000.00
May 02 2019,OKB,$1.59,0,300000000.00,300000000.00
May 01 2019,OKB,$1.58,0,300000000.00,300000000.00
May 01 2019,OKB,$1.58,0,300000000.00,300000000.00
May 01 2019,OKB,$1.58,0,300000000.00,300000000.00
Apr 30 2019,OKB,$1.55,0,300000000.00,300000000.00
Apr 30 2019,OKB,$1.55,0,300000000.00,300000000.00
Apr 29 2019,OKB,$1.62,0,300000000.00,300000000.00
Apr 29 2019,OKB,$1.62,0,300000000.00,300000000.00
Apr 29 2019,OKB,$1.62,0,300000000.00,300000000.00
Apr 28 2019,OKB,$1.57,0,300000000.00,300000000.00
Apr 28 2019,OKB,$1.57,0,300000000.00,300000000.00
Apr 27 2019,OKB,$1.59,0,300000000.00,300000000.00
Apr 27 2019,OKB,$1.59,0,300000000.00,300000000.00
Apr 27 2019,OKB,$1.59,0,300000000.00,300000000.00
Apr 26 2019,OKB,$1.53,0,300000000.00,300000000.00
Apr 26 2019,OKB,$1.53,0,300000000.00,300000000.00
Apr 25 2019,OKB,$1.62,0,300000000.00,300000000.00
Apr 25 2019,OKB,$1.62,0,300000000.00,300000000.00
Apr 24 2019,OKB,$1.71,0,300000000.00,300000000.00
Apr 24 2019,OKB,$1.71,0,300000000.00,300000000.00
Apr 24 2019,OKB,$1.71,0,300000000.00,300000000.00
Apr 23 2019,OKB,$1.70,0,300000000.00,300000000.00
Apr 23 2019,OKB,$1.70,0,300000000.00,300000000.00
Apr 22 2019,OKB,$1.65,0,300000000.00,300000000.00
Apr 22 2019,OKB,$1.65,0,300000000.00,300000000.00
Apr 22 2019,OKB,$1.65,0,300000000.00,300000000.00
Apr 21 2019,OKB,$1.76,0,300000000.00,300000000.00
Apr 21 2019,OKB,$1.76,0,300000000.00,300000000.00
Apr 20 2019,OKB,$1.81,0,300000000.00,300000000.00
Apr 20 2019,OKB,$1.81,0,300000000.00,300000000.00
Apr 19 2019,OKB,$1.75,0,300000000.00,300000000.00
Apr 19 2019,OKB,$1.75,0,300000000.00,300000000.00
Apr 19 2019,OKB,$1.75,0,300000000.00,300000000.00
Apr 18 2019,OKB,$1.54,0,300000000.00,300000000.00
Apr 18 2019,OKB,$1.54,0,300000000.00,300000000.00
Apr 17 2019,OKB,$1.57,0,300000000.00,300000000.00
Apr 17 2019,OKB,$1.57,0,300000000.00,300000000.00
Apr 17 2019,OKB,$1.57,0,300000000.00,300000000.00
Apr 16 2019,OKB,$1.40,0,300000000.00,300000000.00
Apr 16 2019,OKB,$1.40,0,300000000.00,300000000.00
Apr 15 2019,OKB,$1.58,0,300000000.00,300000000.00
Apr 15 2019,OKB,$1.58,0,300000000.00,300000000.00
Apr 15 2019,OKB,$1.58,0,300000000.00,300000000.00
Apr 14 2019,OKB,$1.60,0,300000000.00,300000000.00
Apr 14 2019,OKB,$1.60,0,300000000.00,300000000.00
Apr 13 2019,OKB,$1.63,0,300000000.00,300000000.00
Apr 13 2019,OKB,$1.63,0,300000000.00,300000000.00
Apr 12 2019,OKB,$1.54,0,300000000.00,300000000.00
Apr 12 2019,OKB,$1.54,0,300000000.00,300000000.00
Apr 12 2019,OKB,$1.54,0,300000000.00,300000000.00
Apr 11 2019,OKB,$1.72,0,300000000.00,300000000.00
Apr 11 2019,OKB,$1.72,0,300000000.00,300000000.00
Apr 10 2019,OKB,$1.87,0,300000000.00,300000000.00
Apr 10 2019,OKB,$1.87,0,300000000.00,300000000.00
Apr 10 2019,OKB,$1.87,0,300000000.00,300000000.00
Apr 09 2019,OKB,$1.94,0,300000000.00,300000000.00
Apr 09 2019,OKB,$1.94,0,300000000.00,300000000.00
Apr 08 2019,OKB,$2.10,0,300000000.00,300000000.00
Apr 08 2019,OKB,$2.10,0,300000000.00,300000000.00
Apr 08 2019,OKB,$2.10,0,300000000.00,300000000.00
Apr 07 2019,OKB,$2.20,0,300000000.00,300000000.00
Apr 07 2019,OKB,$2.20,0,300000000.00,300000000.00
Apr 06 2019,OKB,$2.28,0,300000000.00,300000000.00
Apr 06 2019,OKB,$2.28,0,300000000.00,300000000.00
Apr 05 2019,OKB,$2.30,0,300000000.00,300000000.00
Apr 05 2019,OKB,$2.30,0,300000000.00,300000000.00
Apr 05 2019,OKB,$2.30,0,300000000.00,300000000.00
Apr 04 2019,OKB,$2.18,0,300000000.00,300000000.00
Apr 04 2019,OKB,$2.18,0,300000000.00,300000000.00
Apr 03 2019,OKB,$2.24,0,300000000.00,300000000.00
Apr 03 2019,OKB,$2.24,0,300000000.00,300000000.00
Apr 03 2019,OKB,$2.24,0,300000000.00,300000000.00
Apr 02 2019,OKB,$2.08,0,300000000.00,300000000.00
Apr 02 2019,OKB,$2.08,0,300000000.00,300000000.00
Apr 01 2019,OKB,$1.86,0,300000000.00,300000000.00
Apr 01 2019,OKB,$1.86,0,300000000.00,300000000.00
Apr 01 2019,OKB,$1.86,0,300000000.00,300000000.00
Mar 31 2019,OKB,$1.64,0,300000000.00,300000000.00
Mar 31 2019,OKB,$1.64,0,300000000.00,300000000.00
Mar 30 2019,OKB,$1.69,0,300000000.00,300000000.00
Mar 30 2019,OKB,$1.69,0,300000000.00,300000000.00
Mar 29 2019,OKB,$1.62,0,300000000.00,300000000.00
Mar 29 2019,OKB,$1.62,0,300000000.00,300000000.00
Mar 29 2019,OKB,$1.62,0,300000000.00,300000000.00
Mar 28 2019,OKB,$1.54,0,300000000.00,300000000.00
Mar 28 2019,OKB,$1.54,0,300000000.00,300000000.00
Mar 27 2019,OKB,$1.40,0,300000000.00,300000000.00
Mar 27 2019,OKB,$1.40,0,300000000.00,300000000.00
Mar 27 2019,OKB,$1.40,0,300000000.00,300000000.00
Mar 26 2019,OKB,$1.36,0,300000000.00,300000000.00
Mar 26 2019,OKB,$1.36,0,300000000.00,300000000.00
Mar 25 2019,OKB,$1.38,0,300000000.00,300000000.00
Mar 25 2019,OKB,$1.38,0,300000000.00,300000000.00
Mar 25 2019,OKB,$1.38,0,300000000.00,300000000.00
Mar 24 2019,OKB,$1.39,0,300000000.00,300000000.00
Mar 24 2019,OKB,$1.39,0,300000000.00,300000000.00
Mar 23 2019,OKB,$1.42,0,300000000.00,300000000.00
Mar 23 2019,OKB,$1.42,0,300000000.00,300000000.00
Mar 22 2019,OKB,$1.39,0,300000000.00,300000000.00
Mar 22 2019,OKB,$1.39,0,300000000.00,300000000.00
Mar 22 2019,OKB,$1.39,0,300000000.00,300000000.00
Mar 21 2019,OKB,$1.47,0,300000000.00,300000000.00
Mar 21 2019,OKB,$1.47,0,300000000.00,300000000.00
Mar 20 2019,OKB,$1.37,0,300000000.00,300000000.00
Mar 20 2019,OKB,$1.37,0,300000000.00,300000000.00
Mar 20 2019,OKB,$1.37,0,300000000.00,300000000.00
Mar 19 2019,OKB,$1.08,0,300000000.00,300000000.00
Mar 19 2019,OKB,$1.08,0,300000000.00,300000000.00
Mar 18 2019,OKB,$1.09,0,300000000.00,300000000.00
Mar 18 2019,OKB,$1.09,0,300000000.00,300000000.00
Mar 18 2019,OKB,$1.09,0,300000000.00,300000000.00
Mar 17 2019,OKB,$1.15,0,300000000.00,300000000.00
Mar 17 2019,OKB,$1.15,0,300000000.00,300000000.00
Mar 16 2019,OKB,$1.04,0,300000000.00,300000000.00
Mar 16 2019,OKB,$1.04,0,300000000.00,300000000.00
Mar 15 2019,OKB,$0.98,0,300000000.00,300000000.00
Mar 15 2019,OKB,$0.98,0,300000000.00,300000000.00
Mar 15 2019,OKB,$0.98,0,300000000.00,300000000.00
Mar 14 2019,OKB,$0.97,0,300000000.00,300000000.00
Mar 14 2019,OKB,$0.97,0,300000000.00,300000000.00
Mar 13 2019,OKB,$1.00,0,300000000.00,300000000.00
Mar 13 2019,OKB,$1.00,0,300000000.00,300000000.00
Mar 13 2019,OKB,$1.00,0,300000000.00,300000000.00
Mar 12 2019,OKB,$0.93,0,300000000.00,300000000.00
Mar 12 2019,OKB,$0.93,0,300000000.00,300000000.00
Mar 11 2019,OKB,$0.99,0,300000000.00,300000000.00
Mar 11 2019,OKB,$0.99,0,300000000.00,300000000.00
Mar 11 2019,OKB,$0.99,0,300000000.00,300000000.00
Mar 10 2019,OKB,$0.99,0,300000000.00,300000000.00
Mar 10 2019,OKB,$0.99,0,300000000.00,300000000.00
Mar 09 2019,OKB,$0.99,0,300000000.00,300000000.00
Mar 09 2019,OKB,$0.99,0,300000000.00,300000000.00
Mar 08 2019,OKB,$1.04,0,300000000.00,300000000.00
Mar 08 2019,OKB,$1.04,0,300000000.00,300000000.00
Mar 08 2019,OKB,$1.04,0,300000000.00,300000000.00
Mar 07 2019,OKB,$0.91,0,300000000.00,300000000.00
Mar 07 2019,OKB,$0.91,0,300000000.00,300000000.00
Mar 06 2019,OKB,$0.84,0,300000000.00,300000000.00
Mar 06 2019,OKB,$0.84,0,300000000.00,300000000.00
Mar 06 2019,OKB,$0.84,0,300000000.00,300000000.00
Mar 05 2019,OKB,$0.75,0,300000000.00,300000000.00
Mar 05 2019,OKB,$0.75,0,300000000.00,300000000.00
Mar 04 2019,OKB,$0.79,0,300000000.00,300000000.00
Mar 04 2019,OKB,$0.79,0,300000000.00,300000000.00
Mar 03 2019,OKB,$0.81,0,300000000.00,300000000.00
Mar 03 2019,OKB,$0.81,0,300000000.00,300000000.00
Mar 03 2019,OKB,$0.81,0,300000000.00,300000000.00
Mar 02 2019,OKB,$0.81,0,300000000.00,300000000.00
Mar 02 2019,OKB,$0.81,0,300000000.00,300000000.00
Mar 01 2019,OKB,$0.72,0,300000000.00,300000000.00
Mar 01 2019,OKB,$0.72,0,300000000.00,300000000.00
Mar 01 2019,OKB,$0.72,0,300000000.00,300000000.00
Feb 28 2019,OKB,$0.70,0,300000000.00,300000000.00
Feb 28 2019,OKB,$0.70,0,300000000.00,300000000.00
Feb 27 2019,OKB,$0.70,0,300000000.00,300000000.00
Feb 27 2019,OKB,$0.70,0,300000000.00,300000000.00
Feb 27 2019,OKB,$0.70,0,300000000.00,300000000.00
Feb 26 2019,OKB,$0.70,0,300000000.00,300000000.00
Feb 26 2019,OKB,$0.70,0,300000000.00,300000000.00
Feb 25 2019,OKB,$0.69,0,300000000.00,300000000.00
Feb 25 2019,OKB,$0.69,0,300000000.00,300000000.00
Feb 24 2019,OKB,$0.79,0,300000000.00,300000000.00
Feb 24 2019,OKB,$0.79,0,300000000.00,300000000.00
Feb 24 2019,OKB,$0.79,0,300000000.00,300000000.00
Feb 23 2019,OKB,$0.77,0,300000000.00,300000000.00
Feb 23 2019,OKB,$0.77,0,300000000.00,300000000.00
Feb 22 2019,OKB,$0.76,0,300000000.00,300000000.00
Feb 22 2019,OKB,$0.76,0,300000000.00,300000000.00
Feb 22 2019,OKB,$0.76,0,300000000.00,300000000.00
Feb 21 2019,OKB,$0.86,0,300000000.00,300000000.00
Feb 21 2019,OKB,$0.86,0,300000000.00,300000000.00
Feb 20 2019,OKB,$0.77,0,300000000.00,300000000.00
Feb 20 2019,OKB,$0.77,0,300000000.00,300000000.00
Feb 20 2019,OKB,$0.77,0,300000000.00,300000000.00
Feb 19 2019,OKB,$0.69,0,300000000.00,300000000.00
Feb 19 2019,OKB,$0.69,0,300000000.00,300000000.00
Feb 18 2019,OKB,$0.65,0,300000000.00,300000000.00
Feb 18 2019,OKB,$0.65,0,300000000.00,300000000.00
Feb 17 2019,OKB,$0.65,0,300000000.00,300000000.00
Feb 17 2019,OKB,$0.65,0,300000000.00,300000000.00
Feb 17 2019,OKB,$0.65,0,300000000.00,300000000.00
Feb 16 2019,OKB,$0.65,0,300000000.00,300000000.00
Feb 16 2019,OKB,$0.65,0,300000000.00,300000000.00
Feb 15 2019,OKB,$0.65,0,300000000.00,300000000.00
Feb 15 2019,OKB,$0.65,0,300000000.00,300000000.00
Feb 15 2019,OKB,$0.65,0,300000000.00,300000000.00
Feb 14 2019,OKB,$0.65,0,300000000.00,300000000.00
Feb 14 2019,OKB,$0.65,0,300000000.00,300000000.00
Feb 13 2019,OKB,$0.69,0,300000000.00,300000000.00
Feb 13 2019,OKB,$0.69,0,300000000.00,300000000.00
Feb 13 2019,OKB,$0.69,0,300000000.00,300000000.00
Feb 12 2019,OKB,$0.68,0,300000000.00,300000000.00
Feb 12 2019,OKB,$0.68,0,300000000.00,300000000.00
Feb 11 2019,OKB,$0.64,0,300000000.00,300000000.00
Feb 11 2019,OKB,$0.64,0,300000000.00,300000000.00
Feb 10 2019,OKB,$0.63,0,300000000.00,300000000.00
Feb 10 2019,OKB,$0.63,0,300000000.00,300000000.00
Feb 10 2019,OKB,$0.63,0,300000000.00,300000000.00
Feb 09 2019,OKB,$0.64,0,300000000.00,300000000.00
Feb 09 2019,OKB,$0.64,0,300000000.00,300000000.00
Feb 08 2019,OKB,$0.60,0,300000000.00,300000000.00
Feb 08 2019,OKB,$0.60,0,300000000.00,300000000.00
Feb 08 2019,OKB,$0.60,0,300000000.00,300000000.00
Feb 07 2019,OKB,$0.60,0,300000000.00,300000000.00
Feb 07 2019,OKB,$0.60,0,300000000.00,300000000.00
Feb 06 2019,OKB,$0.60,0,300000000.00,300000000.00
Feb 06 2019,OKB,$0.60,0,300000000.00,300000000.00
Feb 06 2019,OKB,$0.60,0,300000000.00,300000000.00
Feb 05 2019,OKB,$0.60,0,300000000.00,300000000.00
Feb 05 2019,OKB,$0.60,0,300000000.00,300000000.00
Feb 04 2019,OKB,$0.59,0,300000000.00,300000000.00
Feb 04 2019,OKB,$0.59,0,300000000.00,300000000.00
Feb 03 2019,OKB,$0.59,0,300000000.00,300000000.00
Feb 03 2019,OKB,$0.59,0,300000000.00,300000000.00
Feb 03 2019,OKB,$0.59,0,300000000.00,300000000.00
Feb 02 2019,OKB,$0.59,0,300000000.00,300000000.00
Feb 02 2019,OKB,$0.59,0,300000000.00,300000000.00
Feb 01 2019,OKB,$0.58,0,300000000.00,300000000.00
Feb 01 2019,OKB,$0.58,0,300000000.00,300000000.00
Feb 01 2019,OKB,$0.58,0,300000000.00,300000000.00
Jan 31 2019,OKB,$0.58,0,300000000.00,300000000.00
Jan 31 2019,OKB,$0.58,0,300000000.00,300000000.00
Jan 30 2019,OKB,$0.58,0,300000000.00,300000000.00
Jan 30 2019,OKB,$0.58,0,300000000.00,300000000.00
Jan 30 2019,OKB,$0.58,0,300000000.00,300000000.00
Jan 29 2019,OKB,$0.58,0,300000000.00,300000000.00
Jan 29 2019,OKB,$0.58,0,300000000.00,300000000.00
Jan 28 2019,OKB,$0.61,0,300000000.00,300000000.00
Jan 28 2019,OKB,$0.61,0,300000000.00,300000000.00
Jan 27 2019,OKB,$0.60,0,300000000.00,300000000.00
Jan 27 2019,OKB,$0.60,0,300000000.00,300000000.00
Jan 27 2019,OKB,$0.60,0,300000000.00,300000000.00
Jan 26 2019,OKB,$0.62,0,300000000.00,300000000.00
Jan 26 2019,OKB,$0.62,0,300000000.00,300000000.00
Jan 25 2019,OKB,$0.63,0,300000000.00,300000000.00
Jan 25 2019,OKB,$0.63,0,300000000.00,300000000.00
Jan 25 2019,OKB,$0.63,0,300000000.00,300000000.00
Jan 24 2019,OKB,$0.60,0,300000000.00,300000000.00
Jan 24 2019,OKB,$0.60,0,300000000.00,300000000.00
Jan 23 2019,OKB,$0.60,0,300000000.00,300000000.00
Jan 23 2019,OKB,$0.60,0,300000000.00,300000000.00
Jan 23 2019,OKB,$0.60,0,300000000.00,300000000.00
Jan 22 2019,OKB,$0.59,0,300000000.00,300000000.00
Jan 22 2019,OKB,$0.59,0,300000000.00,300000000.00
Jan 21 2019,OKB,$0.59,0,300000000.00,300000000.00
Jan 21 2019,OKB,$0.59,0,300000000.00,300000000.00
Jan 20 2019,OKB,$0.61,0,300000000.00,300000000.00
Jan 20 2019,OKB,$0.61,0,300000000.00,300000000.00
Jan 20 2019,OKB,$0.61,0,300000000.00,300000000.00
Jan 19 2019,OKB,$0.62,0,300000000.00,300000000.00
Jan 19 2019,OKB,$0.62,0,300000000.00,300000000.00
Jan 18 2019,OKB,$0.62,0,300000000.00,300000000.00
Jan 18 2019,OKB,$0.62,0,300000000.00,300000000.00
Jan 18 2019,OKB,$0.62,0,300000000.00,300000000.00
Jan 17 2019,OKB,$0.60,0,300000000.00,300000000.00
Jan 17 2019,OKB,$0.60,0,300000000.00,300000000.00
Jan 16 2019,OKB,$0.58,0,300000000.00,300000000.00
Jan 16 2019,OKB,$0.58,0,300000000.00,300000000.00
Jan 15 2019,OKB,$0.61,0,300000000.00,300000000.00
Jan 15 2019,OKB,$0.61,0,300000000.00,300000000.00
Jan 15 2019,OKB,$0.61,0,300000000.00,300000000.00
Jan 14 2019,OKB,$0.58,0,300000000.00,300000000.00
Jan 14 2019,OKB,$0.58,0,300000000.00,300000000.00
Jan 13 2019,OKB,$0.61,0,300000000.00,300000000.00
Jan 13 2019,OKB,$0.61,0,300000000.00,300000000.00
Jan 13 2019,OKB,$0.61,0,300000000.00,300000000.00
Jan 12 2019,OKB,$0.60,0,300000000.00,300000000.00
Jan 12 2019,OKB,$0.60,0,300000000.00,300000000.00
Jan 11 2019,OKB,$0.60,0,300000000.00,300000000.00
Jan 11 2019,OKB,$0.60,0,300000000.00,300000000.00
Jan 11 2019,OKB,$0.60,0,300000000.00,300000000.00
Jan 10 2019,OKB,$0.68,0,300000000.00,300000000.00
Jan 10 2019,OKB,$0.68,0,300000000.00,300000000.00
Jan 09 2019,OKB,$0.65,0,300000000.00,300000000.00
Jan 09 2019,OKB,$0.65,0,300000000.00,300000000.00
Jan 08 2019,OKB,$0.65,0,300000000.00,300000000.00
Jan 08 2019,OKB,$0.65,0,300000000.00,300000000.00
Jan 08 2019,OKB,$0.65,0,300000000.00,300000000.00
Jan 07 2019,OKB,$0.67,0,300000000.00,300000000.00
Jan 07 2019,OKB,$0.67,0,300000000.00,300000000.00
Jan 06 2019,OKB,$0.65,0,300000000.00,300000000.00
Jan 06 2019,OKB,$0.65,0,300000000.00,300000000.00
Jan 06 2019,OKB,$0.65,0,300000000.00,300000000.00
Jan 05 2019,OKB,$0.66,0,300000000.00,300000000.00
Jan 05 2019,OKB,$0.66,0,300000000.00,300000000.00
Jan 04 2019,OKB,$0.67,0,300000000.00,300000000.00
Jan 04 2019,OKB,$0.67,0,300000000.00,300000000.00
Jan 04 2019,OKB,$0.67,0,300000000.00,300000000.00
Jan 03 2019,OKB,$0.69,0,300000000.00,300000000.00
Jan 03 2019,OKB,$0.69,0,300000000.00,300000000.00
Jan 02 2019,OKB,$0.67,0,300000000.00,300000000.00
Jan 02 2019,OKB,$0.67,0,300000000.00,300000000.00
Jan 01 2019,OKB,$0.65,0,300000000.00,300000000.00
Jan 01 2019,OKB,$0.65,0,300000000.00,300000000.00
Jan 01 2019,OKB,$0.65,0,300000000.00,300000000.00
Dec 31 2018,OKB,$0.69,0,300000000.00,300000000.00
Dec 31 2018,OKB,$0.69,0,300000000.00,300000000.00
Dec 30 2018,OKB,$0.67,0,300000000.00,300000000.00
Dec 30 2018,OKB,$0.67,0,300000000.00,300000000.00
Dec 30 2018,OKB,$0.67,0,300000000.00,300000000.00
Dec 29 2018,OKB,$0.69,0,300000000.00,300000000.00
Dec 29 2018,OKB,$0.69,0,300000000.00,300000000.00
Dec 28 2018,OKB,$0.63,0,300000000.00,300000000.00
Dec 28 2018,OKB,$0.63,0,300000000.00,300000000.00
Dec 28 2018,OKB,$0.63,0,300000000.00,300000000.00
Mar 13 2019,OKB,$1.00,0,300000000.00,300000000.00
Mar 13 2019,OKB,$1.00,0,300000000.00,300000000.00
Mar 13 2019,OKB,$1.00,0,300000000.00,300000000.00
Mar 12 2019,OKB,$0.93,0,300000000.00,300000000.00
Mar 12 2019,OKB,$0.93,0,300000000.00,300000000.00
Mar 11 2019,OKB,$0.99,0,300000000.00,300000000.00
Mar 11 2019,OKB,$0.99,0,300000000.00,300000000.00
Mar 11 2019,OKB,$0.99,0,300000000.00,300000000.00
Mar 10 2019,OKB,$0.99,0,300000000.00,300000000.00
Mar 10 2019,OKB,$0.99,0,300000000.00,300000000.00
Mar 09 2019,OKB,$0.99,0,300000000.00,300000000.00
Mar 09 2019,OKB,$0.99,0,300000000.00,300000000.00
Mar 09 2019,OKB,$0.99,0,300000000.00,300000000.00
Mar 08 2019,OKB,$1.04,0,300000000.00,300000000.00
Mar 08 2019,OKB,$1.04,0,300000000.00,300000000.00
Mar 07 2019,OKB,$0.91,0,300000000.00,300000000.00
Mar 07 2019,OKB,$0.91,0,300000000.00,300000000.00
Mar 07 2019,OKB,$0.91,0,300000000.00,300000000.00
Mar 06 2019,OKB,$0.84,0,300000000.00,300000000.00
Mar 06 2019,OKB,$0.84,0,300000000.00,300000000.00
Mar 05 2019,OKB,$0.75,0,300000000.00,300000000.00
Mar 05 2019,OKB,$0.75,0,300000000.00,300000000.00
Mar 04 2019,OKB,$0.79,0,300000000.00,300000000.00
Mar 04 2019,OKB,$0.79,0,300000000.00,300000000.00
Mar 04 2019,OKB,$0.79,0,300000000.00,300000000.00
Mar 03 2019,OKB,$0.81,0,300000000.00,300000000.00
Mar 03 2019,OKB,$0.81,0,300000000.00,300000000.00
Mar 02 2019,OKB,$0.81,0,300000000.00,300000000.00
Mar 02 2019,OKB,$0.81,0,300000000.00,300000000.00
Mar 02 2019,OKB,$0.81,0,300000000.00,300000000.00
Mar 01 2019,OKB,$0.72,0,300000000.00,300000000.00
Mar 01 2019,OKB,$0.72,0,300000000.00,300000000.00
Feb 28 2019,OKB,$0.70,0,300000000.00,300000000.00
Feb 28 2019,OKB,$0.70,0,300000000.00,300000000.00
Feb 28 2019,OKB,$0.70,0,300000000.00,300000000.00
Feb 27 2019,OKB,$0.70,0,300000000.00,300000000.00
Feb 27 2019,OKB,$0.70,0,300000000.00,300000000.00
Feb 26 2019,OKB,$0.70,0,300000000.00,300000000.00
Feb 26 2019,OKB,$0.70,0,300000000.00,300000000.00
Feb 25 2019,OKB,$0.69,0,300000000.00,300000000.00
Feb 25 2019,OKB,$0.69,0,300000000.00,300000000.00
Feb 25 2019,OKB,$0.69,0,300000000.00,300000000.00
Feb 24 2019,OKB,$0.79,0,300000000.00,300000000.00
Feb 24 2019,OKB,$0.79,0,300000000.00,300000000.00
Feb 23 2019,OKB,$0.77,0,300000000.00,300000000.00
Feb 23 2019,OKB,$0.77,0,300000000.00,300000000.00
Feb 23 2019,OKB,$0.77,0,300000000.00,300000000.00
Feb 22 2019,OKB,$0.76,0,300000000.00,300000000.00
Feb 22 2019,OKB,$0.76,0,300000000.00,300000000.00
Feb 21 2019,OKB,$0.86,0,300000000.00,300000000.00
Feb 21 2019,OKB,$0.86,0,300000000.00,300000000.00
Feb 21 2019,OKB,$0.86,0,300000000.00,300000000.00
Feb 20 2019,OKB,$0.77,0,300000000.00,300000000.00
Feb 20 2019,OKB,$0.77,0,300000000.00,300000000.00
Feb 19 2019,OKB,$0.69,0,300000000.00,300000000.00
Feb 19 2019,OKB,$0.69,0,300000000.00,300000000.00
Feb 18 2019,OKB,$0.65,0,300000000.00,300000000.00
Feb 18 2019,OKB,$0.65,0,300000000.00,300000000.00
Feb 18 2019,OKB,$0.65,0,300000000.00,300000000.00
Feb 17 2019,OKB,$0.65,0,300000000.00,300000000.00
Feb 17 2019,OKB,$0.65,0,300000000.00,300000000.00
Feb 16 2019,OKB,$0.65,0,300000000.00,300000000.00
Feb 16 2019,OKB,$0.65,0,300000000.00,300000000.00
Feb 16 2019,OKB,$0.65,0,300000000.00,300000000.00
Feb 15 2019,OKB,$0.65,0,300000000.00,300000000.00
Feb 15 2019,OKB,$0.65,0,300000000.00,300000000.00
Feb 14 2019,OKB,$0.65,0,300000000.00,300000000.00
Feb 14 2019,OKB,$0.65,0,300000000.00,300000000.00
Feb 14 2019,OKB,$0.65,0,300000000.00,300000000.00
Feb 13 2019,OKB,$0.69,0,300000000.00,300000000.00
Feb 13 2019,OKB,$0.69,0,300000000.00,300000000.00
Feb 12 2019,OKB,$0.68,0,300000000.00,300000000.00
Feb 12 2019,OKB,$0.68,0,300000000.00,300000000.00
Feb 11 2019,OKB,$0.64,0,300000000.00,300000000.00
Feb 11 2019,OKB,$0.64,0,300000000.00,300000000.00
Feb 11 2019,OKB,$0.64,0,300000000.00,300000000.00
Feb 10 2019,OKB,$0.63,0,300000000.00,300000000.00
Feb 10 2019,OKB,$0.63,0,300000000.00,300000000.00
Feb 09 2019,OKB,$0.64,0,300000000.00,300000000.00
Feb 09 2019,OKB,$0.64,0,300000000.00,300000000.00
Feb 09 2019,OKB,$0.64,0,300000000.00,300000000.00
Feb 08 2019,OKB,$0.60,0,300000000.00,300000000.00
Feb 08 2019,OKB,$0.60,0,300000000.00,300000000.00
Feb 07 2019,OKB,$0.60,0,300000000.00,300000000.00
Feb 07 2019,OKB,$0.60,0,300000000.00,300000000.00
Feb 07 2019,OKB,$0.60,0,300000000.00,300000000.00
Feb 06 2019,OKB,$0.60,0,300000000.00,300000000.00
Feb 06 2019,OKB,$0.60,0,300000000.00,300000000.00
Feb 05 2019,OKB,$0.60,0,300000000.00,300000000.00
Feb 05 2019,OKB,$0.60,0,300000000.00,300000000.00
Feb 04 2019,OKB,$0.59,0,300000000.00,300000000.00
Feb 04 2019,OKB,$0.59,0,300000000.00,300000000.00
Feb 04 2019,OKB,$0.59,0,300000000.00,300000000.00
Feb 03 2019,OKB,$0.59,0,300000000.00,300000000.00
Feb 03 2019,OKB,$0.59,0,300000000.00,300000000.00
Feb 02 2019,OKB,$0.59,0,300000000.00,300000000.00
Feb 02 2019,OKB,$0.59,0,300000000.00,300000000.00
Feb 02 2019,OKB,$0.59,0,300000000.00,300000000.00
Feb 01 2019,OKB,$0.58,0,300000000.00,300000000.00
Feb 01 2019,OKB,$0.58,0,300000000.00,300000000.00
Jan 31 2019,OKB,$0.58,0,300000000.00,300000000.00
Jan 31 2019,OKB,$0.58,0,300000000.00,300000000.00
Jan 31 2019,OKB,$0.58,0,300000000.00,300000000.00
Jan 30 2019,OKB,$0.58,0,300000000.00,300000000.00
Jan 30 2019,OKB,$0.58,0,300000000.00,300000000.00
Jan 29 2019,OKB,$0.58,0,300000000.00,300000000.00
Jan 29 2019,OKB,$0.58,0,300000000.00,300000000.00
Jan 28 2019,OKB,$0.61,0,300000000.00,300000000.00
Jan 28 2019,OKB,$0.61,0,300000000.00,300000000.00
Jan 28 2019,OKB,$0.61,0,300000000.00,300000000.00
Jan 27 2019,OKB,$0.60,0,300000000.00,300000000.00
Jan 27 2019,OKB,$0.60,0,300000000.00,300000000.00
Jan 26 2019,OKB,$0.62,0,300000000.00,300000000.00
Jan 26 2019,OKB,$0.62,0,300000000.00,300000000.00
Jan 26 2019,OKB,$0.62,0,300000000.00,300000000.00
Jan 25 2019,OKB,$0.63,0,300000000.00,300000000.00
Jan 25 2019,OKB,$0.63,0,300000000.00,300000000.00
Jan 24 2019,OKB,$0.60,0,300000000.00,300000000.00
Jan 24 2019,OKB,$0.60,0,300000000.00,300000000.00
Jan 23 2019,OKB,$0.60,0,300000000.00,300000000.00
Jan 23 2019,OKB,$0.60,0,300000000.00,300000000.00
Jan 23 2019,OKB,$0.60,0,300000000.00,300000000.00
Jan 22 2019,OKB,$0.59,0,300000000.00,300000000.00
Jan 22 2019,OKB,$0.59,0,300000000.00,300000000.00
Jan 21 2019,OKB,$0.59,0,300000000.00,300000000.00
Jan 21 2019,OKB,$0.59,0,300000000.00,300000000.00
Jan 21 2019,OKB,$0.59,0,300000000.00,300000000.00
Jan 20 2019,OKB,$0.61,0,300000000.00,300000000.00
Jan 20 2019,OKB,$0.61,0,300000000.00,300000000.00
Jan 19 2019,OKB,$0.62,0,300000000.00,300000000.00
Jan 19 2019,OKB,$0.62,0,300000000.00,300000000.00
Jan 19 2019,OKB,$0.62,0,300000000.00,300000000.00
Jan 18 2019,OKB,$0.62,0,300000000.00,300000000.00
Jan 18 2019,OKB,$0.62,0,300000000.00,300000000.00
Jan 17 2019,OKB,$0.60,0,300000000.00,300000000.00
Jan 17 2019,OKB,$0.60,0,300000000.00,300000000.00
Jan 16 2019,OKB,$0.58,0,300000000.00,300000000.00
Jan 16 2019,OKB,$0.58,0,300000000.00,300000000.00
Jan 16 2019,OKB,$0.58,0,300000000.00,300000000.00
Jan 15 2019,OKB,$0.61,0,300000000.00,300000000.00
Jan 15 2019,OKB,$0.61,0,300000000.00,300000000.00
Jan 14 2019,OKB,$0.58,0,300000000.00,300000000.00
Jan 14 2019,OKB,$0.58,0,300000000.00,300000000.00
Jan 14 2019,OKB,$0.58,0,300000000.00,300000000.00
Jan 13 2019,OKB,$0.61,0,300000000.00,300000000.00
Jan 13 2019,OKB,$0.61,0,300000000.00,300000000.00
Jan 12 2019,OKB,$0.60,0,300000000.00,300000000.00
Jan 12 2019,OKB,$0.60,0,300000000.00,300000000.00
Jan 12 2019,OKB,$0.60,0,300000000.00,300000000.00
Jan 11 2019,OKB,$0.60,0,300000000.00,300000000.00
Jan 11 2019,OKB,$0.60,0,300000000.00,300000000.00
Jan 10 2019,OKB,$0.68,0,300000000.00,300000000.00
Jan 10 2019,OKB,$0.68,0,300000000.00,300000000.00
Jan 09 2019,OKB,$0.65,0,300000000.00,300000000.00
Jan 09 2019,OKB,$0.65,0,300000000.00,300000000.00
Jan 09 2019,OKB,$0.65,0,300000000.00,300000000.00
Jan 08 2019,OKB,$0.65,0,300000000.00,300000000.00
Jan 08 2019,OKB,$0.65,0,300000000.00,300000000.00
Jan 07 2019,OKB,$0.67,0,300000000.00,300000000.00
Jan 07 2019,OKB,$0.67,0,300000000.00,300000000.00
Jan 07 2019,OKB,$0.67,0,300000000.00,300000000.00
Jan 06 2019,OKB,$0.65,0,300000000.00,300000000.00
Jan 06 2019,OKB,$0.65,0,300000000.00,300000000.00
Jan 05 2019,OKB,$0.66,0,300000000.00,300000000.00
Jan 05 2019,OKB,$0.66,0,300000000.00,300000000.00
Jan 05 2019,OKB,$0.66,0,300000000.00,300000000.00
Jan 04 2019,OKB,$0.67,0,300000000.00,300000000.00
Jan 04 2019,OKB,$0.67,0,300000000.00,300000000.00
Jan 03 2019,OKB,$0.69,0,300000000.00,300000000.00
Jan 03 2019,OKB,$0.69,0,300000000.00,300000000.00
Jan 02 2019,OKB,$0.67,0,300000000.00,300000000.00
Jan 02 2019,OKB,$0.67,0,300000000.00,300000000.00
Jan 02 2019,OKB,$0.67,0,300000000.00,300000000.00
Jan 01 2019,OKB,$0.65,0,300000000.00,300000000.00
Jan 01 2019,OKB,$0.65,0,300000000.00,300000000.00
Dec 31 2018,OKB,$0.69,0,300000000.00,300000000.00
Dec 31 2018,OKB,$0.69,0,300000000.00,300000000.00
Dec 31 2018,OKB,$0.69,0,300000000.00,300000000.00
Dec 30 2018,OKB,$0.67,0,300000000.00,300000000.00
Dec 30 2018,OKB,$0.67,0,300000000.00,300000000.00
Dec 29 2018,OKB,$0.69,0,300000000.00,300000000.00
Dec 29 2018,OKB,$0.69,0,300000000.00,300000000.00
Dec 29 2018,OKB,$0.69,0,300000000.00,300000000.00
Dec 28 2018,OKB,$0.63,0,300000000.00,300000000.00
Dec 28 2018,OKB,$0.63,0,300000000.00,300000000.00
Dec 27 2018,OKB,$0.68,0,300000000.00,300000000.00
Dec 27 2018,OKB,$0.68,0,300000000.00,300000000.00
Dec 26 2018,OKB,$0.67,0,300000000.00,300000000.00
Dec 26 2018,OKB,$0.67,0,300000000.00,300000000.00
Dec 26 2018,OKB,$0.67,0,300000000.00,300000000.00
Dec 25 2018,OKB,$0.76,0,300000000.00,300000000.00
Dec 25 2018,OKB,$0.76,0,300000000.00,300000000.00
Dec 24 2018,OKB,$0.75,0,300000000.00,300000000.00
Dec 24 2018,OKB,$0.75,0,300000000.00,300000000.00
Dec 24 2018,OKB,$0.75,0,300000000.00,300000000.00
Dec 23 2018,OKB,$0.74,0,300000000.00,300000000.00
Dec 23 2018,OKB,$0.74,0,300000000.00,300000000.00
Dec 22 2018,OKB,$0.73,0,300000000.00,300000000.00
Dec 22 2018,OKB,$0.73,0,300000000.00,300000000.00
Dec 22 2018,OKB,$0.73,0,300000000.00,300000000.00
Dec 21 2018,OKB,$0.77,0,300000000.00,300000000.00
Dec 21 2018,OKB,$0.77,0,300000000.00,300000000.00
Dec 20 2018,OKB,$0.74,0,300000000.00,300000000.00
Dec 20 2018,OKB,$0.74,0,300000000.00,300000000.00
Dec 19 2018,OKB,$0.75,0,300000000.00,300000000.00
Dec 19 2018,OKB,$0.75,0,300000000.00,300000000.00
Dec 19 2018,OKB,$0.75,0,300000000.00,300000000.00
Dec 18 2018,OKB,$0.74,0,300000000.00,300000000.00
Dec 18 2018,OKB,$0.74,0,300000000.00,300000000.00
Dec 17 2018,OKB,$0.66,0,300000000.00,300000000.00
Dec 17 2018,OKB,$0.66,0,300000000.00,300000000.00
Dec 17 2018,OKB,$0.66,0,300000000.00,300000000.00
Dec 16 2018,OKB,$0.64,0,300000000.00,300000000.00
Dec 16 2018,OKB,$0.64,0,300000000.00,300000000.00
Dec 15 2018,OKB,$0.64,0,300000000.00,300000000.00
Dec 15 2018,OKB,$0.64,0,300000000.00,300000000.00
Dec 15 2018,OKB,$0.64,0,300000000.00,300000000.00
Dec 14 2018,OKB,$0.65,0,300000000.00,300000000.00
Dec 14 2018,OKB,$0.65,0,300000000.00,300000000.00
Dec 13 2018,OKB,$0.67,0,300000000.00,300000000.00
Dec 13 2018,OKB,$0.67,0,300000000.00,300000000.00
Dec 12 2018,OKB,$0.65,0,300000000.00,300000000.00
Dec 12 2018,OKB,$0.65,0,300000000.00,300000000.00
Dec 12 2018,OKB,$0.65,0,300000000.00,300000000.00
Dec 11 2018,OKB,$0.67,0,300000000.00,300000000.00
Dec 11 2018,OKB,$0.67,0,300000000.00,300000000.00
Dec 10 2018,OKB,$0.69,0,300000000.00,300000000.00
Dec 10 2018,OKB,$0.69,0,300000000.00,300000000.00
Dec 10 2018,OKB,$0.69,0,300000000.00,300000000.00
Dec 09 2018,OKB,$0.66,0,300000000.00,300000000.00
Dec 09 2018,OKB,$0.66,0,300000000.00,300000000.00
Dec 08 2018,OKB,$0.67,0,300000000.00,300000000.00
Dec 08 2018,OKB,$0.67,0,300000000.00,300000000.00
Dec 07 2018,OKB,$0.71,0,300000000.00,300000000.00
Dec 07 2018,OKB,$0.71,0,300000000.00,300000000.00
Dec 07 2018,OKB,$0.71,0,300000000.00,300000000.00
Dec 06 2018,OKB,$0.75,0,300000000.00,300000000.00
Dec 06 2018,OKB,$0.75,0,300000000.00,300000000.00
Dec 05 2018,OKB,$0.79,0,300000000.00,300000000.00
Dec 05 2018,OKB,$0.79,0,300000000.00,300000000.00
Dec 05 2018,OKB,$0.79,0,300000000.00,300000000.00
Dec 04 2018,OKB,$0.79,0,300000000.00,300000000.00
Dec 04 2018,OKB,$0.79,0,300000000.00,300000000.00
Dec 03 2018,OKB,$0.84,0,300000000.00,300000000.00
Dec 03 2018,OKB,$0.84,0,300000000.00,300000000.00
Dec 03 2018,OKB,$0.84,0,300000000.00,300000000.00
Dec 02 2018,OKB,$0.77,0,300000000.00,300000000.00
Dec 02 2018,OKB,$0.77,0,300000000.00,300000000.00
Dec 01 2018,OKB,$0.73,0,300000000.00,300000000.00
Dec 01 2018,OKB,$0.73,0,300000000.00,300000000.00
Nov 30 2018,OKB,$0.76,0,300000000.00,300000000.00
Nov 30 2018,OKB,$0.76,0,300000000.00,300000000.00
Nov 30 2018,OKB,$0.76,0,300000000.00,300000000.00
Nov 29 2018,OKB,$0.77,0,300000000.00,300000000.00
Nov 29 2018,OKB,$0.77,0,300000000.00,300000000.00
Nov 28 2018,OKB,$0.73,0,300000000.00,300000000.00
Nov 28 2018,OKB,$0.73,0,300000000.00,300000000.00
Nov 28 2018,OKB,$0.73,0,300000000.00,300000000.00
Nov 27 2018,OKB,$0.72,0,300000000.00,300000000.00
Nov 27 2018,OKB,$0.72,0,300000000.00,300000000.00
Nov 26 2018,OKB,$0.75,0,300000000.00,300000000.00
Nov 26 2018,OKB,$0.75,0,300000000.00,300000000.00
Nov 26 2018,OKB,$0.75,0,300000000.00,300000000.00
Nov 25 2018,OKB,$0.71,0,300000000.00,300000000.00
Nov 25 2018,OKB,$0.71,0,300000000.00,300000000.00
Nov 24 2018,OKB,$0.78,0,300000000.00,300000000.00
Nov 24 2018,OKB,$0.78,0,300000000.00,300000000.00
Nov 23 2018,OKB,$0.79,0,300000000.00,300000000.00
Nov 23 2018,OKB,$0.79,0,300000000.00,300000000.00
Nov 23 2018,OKB,$0.79,0,300000000.00,300000000.00
Nov 22 2018,OKB,$0.84,0,300000000.00,300000000.00
Nov 22 2018,OKB,$0.84,0,300000000.00,300000000.00
Nov 21 2018,OKB,$0.81,0,300000000.00,300000000.00
Nov 21 2018,OKB,$0.81,0,300000000.00,300000000.00
Nov 21 2018,OKB,$0.81,0,300000000.00,300000000.00
Nov 20 2018,OKB,$0.91,0,300000000.00,300000000.00
Nov 20 2018,OKB,$0.91,0,300000000.00,300000000.00
Nov 19 2018,OKB,$1.04,0,300000000.00,300000000.00
Nov 19 2018,OKB,$1.04,0,300000000.00,300000000.00
Nov 19 2018,OKB,$1.04,0,300000000.00,300000000.00
Nov 18 2018,OKB,$1.02,0,300000000.00,300000000.00
Nov 18 2018,OKB,$1.02,0,300000000.00,300000000.00
Nov 17 2018,OKB,$0.98,0,300000000.00,300000000.00
Nov 17 2018,OKB,$0.98,0,300000000.00,300000000.00
Nov 16 2018,OKB,$0.99,0,300000000.00,300000000.00
Nov 16 2018,OKB,$0.99,0,300000000.00,300000000.00
Nov 16 2018,OKB,$0.99,0,300000000.00,300000000.00
Nov 15 2018,OKB,$0.99,0,300000000.00,300000000.00
Nov 15 2018,OKB,$0.99,0,300000000.00,300000000.00
Nov 14 2018,OKB,$1.14,0,300000000.00,300000000.00
Nov 14 2018,OKB,$1.14,0,300000000.00,300000000.00
Nov 14 2018,OKB,$1.14,0,300000000.00,300000000.00
Nov 13 2018,OKB,$1.18,0,300000000.00,300000000.00
Nov 13 2018,OKB,$1.18,0,300000000.00,300000000.00
Nov 12 2018,OKB,$1.21,0,300000000.00,300000000.00
Nov 12 2018,OKB,$1.21,0,300000000.00,300000000.00
Nov 12 2018,OKB,$1.21,0,300000000.00,300000000.00
Nov 11 2018,OKB,$1.22,0,300000000.00,300000000.00
Nov 11 2018,OKB,$1.22,0,300000000.00,300000000.00
Nov 10 2018,OKB,$1.22,0,300000000.00,300000000.00
Nov 10 2018,OKB,$1.22,0,300000000.00,300000000.00
Nov 09 2018,OKB,$1.22,0,300000000.00,300000000.00
Nov 09 2018,OKB,$1.22,0,300000000.00,300000000.00
Nov 09 2018,OKB,$1.22,0,300000000.00,300000000.00
Nov 08 2018,OKB,$1.25,0,300000000.00,300000000.00
Nov 08 2018,OKB,$1.25,0,300000000.00,300000000.00
Nov 07 2018,OKB,$1.27,0,300000000.00,300000000.00
Nov 07 2018,OKB,$1.27,0,300000000.00,300000000.00
Nov 07 2018,OKB,$1.27,0,300000000.00,300000000.00
Nov 06 2018,OKB,$1.27,0,300000000.00,300000000.00
Nov 06 2018,OKB,$1.27,0,300000000.00,300000000.00
Nov 05 2018,OKB,$1.23,0,300000000.00,300000000.00
Nov 05 2018,OKB,$1.23,0,300000000.00,300000000.00
Nov 05 2018,OKB,$1.23,0,300000000.00,300000000.00
Nov 04 2018,OKB,$1.23,0,300000000.00,300000000.00
Nov 04 2018,OKB,$1.23,0,300000000.00,300000000.00
Nov 03 2018,OKB,$1.25,0,300000000.00,300000000.00
Nov 03 2018,OKB,$1.25,0,300000000.00,300000000.00
Nov 02 2018,OKB,$1.22,0,300000000.00,300000000.00
Nov 02 2018,OKB,$1.22,0,300000000.00,300000000.00
Nov 02 2018,OKB,$1.22,0,300000000.00,300000000.00
Nov 01 2018,OKB,$1.22,0,300000000.00,300000000.00
Nov 01 2018,OKB,$1.22,0,300000000.00,300000000.00
Oct 31 2018,OKB,$1.22,0,300000000.00,300000000.00
Oct 31 2018,OKB,$1.22,0,300000000.00,300000000.00
Oct 31 2018,OKB,$1.22,0,300000000.00,300000000.00
Oct 30 2018,OKB,$1.21,0,300000000.00,300000000.00
Oct 30 2018,OKB,$1.21,0,300000000.00,300000000.00
Oct 29 2018,OKB,$1.28,0,300000000.00,300000000.00
Oct 29 2018,OKB,$1.28,0,300000000.00,300000000.00
Oct 29 2018,OKB,$1.28,0,300000000.00,300000000.00
Oct 28 2018,OKB,$1.27,0,300000000.00,300000000.00
Oct 28 2018,OKB,$1.27,0,300000000.00,300000000.00
Oct 27 2018,OKB,$1.29,0,300000000.00,300000000.00
Oct 27 2018,OKB,$1.29,0,300000000.00,300000000.00
Oct 26 2018,OKB,$1.30,0,300000000.00,300000000.00
Oct 26 2018,OKB,$1.30,0,300000000.00,300000000.00
Oct 26 2018,OKB,$1.30,0,300000000.00,300000000.00
Oct 25 2018,OKB,$1.31,0,300000000.00,300000000.00
Oct 25 2018,OKB,$1.31,0,300000000.00,300000000.00
Oct 24 2018,OKB,$1.32,0,300000000.00,300000000.00
Oct 24 2018,OKB,$1.32,0,300000000.00,300000000.00
Oct 24 2018,OKB,$1.32,0,300000000.00,300000000.00
Oct 23 2018,OKB,$1.33,0,300000000.00,300000000.00
Oct 23 2018,OKB,$1.33,0,300000000.00,300000000.00
Oct 22 2018,OKB,$1.34,0,300000000.00,300000000.00
Oct 22 2018,OKB,$1.34,0,300000000.00,300000000.00
Oct 21 2018,OKB,$1.33,0,300000000.00,300000000.00
Oct 21 2018,OKB,$1.33,0,300000000.00,300000000.00
Oct 21 2018,OKB,$1.33,0,300000000.00,300000000.00
Oct 20 2018,OKB,$1.32,0,300000000.00,300000000.00
Oct 20 2018,OKB,$1.32,0,300000000.00,300000000.00
Oct 19 2018,OKB,$1.32,0,300000000.00,300000000.00
Oct 19 2018,OKB,$1.32,0,300000000.00,300000000.00
Oct 19 2018,OKB,$1.32,0,300000000.00,300000000.00
Oct 18 2018,OKB,$1.35,0,300000000.00,300000000.00
Oct 18 2018,OKB,$1.35,0,300000000.00,300000000.00
Oct 17 2018,OKB,$1.35,0,300000000.00,300000000.00
Oct 17 2018,OKB,$1.35,0,300000000.00,300000000.00
Oct 17 2018,OKB,$1.35,0,300000000.00,300000000.00
Oct 16 2018,OKB,$1.36,0,300000000.00,300000000.00
Oct 16 2018,OKB,$1.36,0,300000000.00,300000000.00
Oct 15 2018,OKB,$1.27,0,300000000.00,300000000.00
Oct 15 2018,OKB,$1.27,0,300000000.00,300000000.00
Oct 14 2018,OKB,$1.30,0,300000000.00,300000000.00
Oct 14 2018,OKB,$1.30,0,300000000.00,300000000.00
Oct 14 2018,OKB,$1.30,0,300000000.00,300000000.00
Oct 13 2018,OKB,$1.28,0,300000000.00,300000000.00
Oct 13 2018,OKB,$1.28,0,300000000.00,300000000.00
Oct 12 2018,OKB,$1.25,0,300000000.00,300000000.00
Oct 12 2018,OKB,$1.25,0,300000000.00,300000000.00
Oct 12 2018,OKB,$1.25,0,300000000.00,300000000.00
Oct 11 2018,OKB,$1.47,0,300000000.00,300000000.00
Oct 11 2018,OKB,$1.47,0,300000000.00,300000000.00
Oct 10 2018,OKB,$1.49,0,300000000.00,300000000.00
Oct 10 2018,OKB,$1.49,0,300000000.00,300000000.00
Oct 10 2018,OKB,$1.49,0,300000000.00,300000000.00
Oct 09 2018,OKB,$1.48,0,300000000.00,300000000.00
Oct 09 2018,OKB,$1.48,0,300000000.00,300000000.00
Oct 08 2018,OKB,$1.46,0,300000000.00,300000000.00
Oct 08 2018,OKB,$1.46,0,300000000.00,300000000.00
Oct 07 2018,OKB,$1.47,0,300000000.00,300000000.00
Oct 07 2018,OKB,$1.47,0,300000000.00,300000000.00
Oct 07 2018,OKB,$1.47,0,300000000.00,300000000.00
Oct 06 2018,OKB,$1.49,0,300000000.00,300000000.00
Oct 06 2018,OKB,$1.49,0,300000000.00,300000000.00
Oct 05 2018,OKB,$1.50,0,300000000.00,300000000.00
Oct 05 2018,OKB,$1.50,0,300000000.00,300000000.00
Oct 05 2018,OKB,$1.50,0,300000000.00,300000000.00
Oct 04 2018,OKB,$1.47,0,300000000.00,300000000.00
Oct 04 2018,OKB,$1.47,0,300000000.00,300000000.00
Oct 03 2018,OKB,$1.49,0,300000000.00,300000000.00
Oct 03 2018,OKB,$1.49,0,300000000.00,300000000.00
Oct 03 2018,OKB,$1.49,0,300000000.00,300000000.00
Oct 02 2018,OKB,$1.50,0,300000000.00,300000000.00
Oct 02 2018,OKB,$1.50,0,300000000.00,300000000.00
Oct 01 2018,OKB,$1.51,0,300000000.00,300000000.00
Oct 01 2018,OKB,$1.51,0,300000000.00,300000000.00
Sep 30 2018,OKB,$1.50,0,300000000.00,300000000.00
Sep 30 2018,OKB,$1.50,0,300000000.00,300000000.00
Sep 30 2018,OKB,$1.50,0,300000000.00,300000000.00
Sep 29 2018,OKB,$1.50,0,300000000.00,300000000.00
Sep 29 2018,OKB,$1.50,0,300000000.00,300000000.00
Sep 28 2018,OKB,$1.50,0,300000000.00,300000000.00
Sep 28 2018,OKB,$1.50,0,300000000.00,300000000.00
Sep 28 2018,OKB,$1.50,0,300000000.00,300000000.00
Sep 27 2018,OKB,$1.44,0,300000000.00,300000000.00
Sep 27 2018,OKB,$1.44,0,300000000.00,300000000.00
Sep 26 2018,OKB,$1.44,0,300000000.00,300000000.00
Sep 26 2018,OKB,$1.44,0,300000000.00,300000000.00
Sep 26 2018,OKB,$1.44,0,300000000.00,300000000.00
Sep 25 2018,OKB,$1.53,0,300000000.00,300000000.00
Sep 25 2018,OKB,$1.53,0,300000000.00,300000000.00
Sep 24 2018,OKB,$1.58,0,300000000.00,300000000.00
Sep 24 2018,OKB,$1.58,0,300000000.00,300000000.00
Sep 23 2018,OKB,$1.64,0,300000000.00,300000000.00
Sep 23 2018,OKB,$1.64,0,300000000.00,300000000.00
Sep 23 2018,OKB,$1.64,0,300000000.00,300000000.00
Sep 22 2018,OKB,$1.64,0,300000000.00,300000000.00
Sep 22 2018,OKB,$1.64,0,300000000.00,300000000.00
Sep 21 2018,OKB,$1.44,0,300000000.00,300000000.00
Sep 21 2018,OKB,$1.44,0,300000000.00,300000000.00
Sep 21 2018,OKB,$1.44,0,300000000.00,300000000.00
Sep 21 2018,OKB,$1.44,0,300000000.00,300000000.00
Sep 20 2018,OKB,$1.35,0,300000000.00,300000000.00
Sep 20 2018,OKB,$1.35,0,300000000.00,300000000.00
Sep 19 2018,OKB,$1.32,0,300000000.00,300000000.00
Sep 19 2018,OKB,$1.32,0,300000000.00,300000000.00
Sep 19 2018,OKB,$1.32,0,300000000.00,300000000.00
Sep 18 2018,OKB,$1.23,0,300000000.00,300000000.00
Sep 18 2018,OKB,$1.23,0,300000000.00,300000000.00
Sep 17 2018,OKB,$1.33,0,300000000.00,300000000.00
Sep 17 2018,OKB,$1.33,0,300000000.00,300000000.00
Sep 16 2018,OKB,$1.34,0,300000000.00,300000000.00
Sep 16 2018,OKB,$1.34,0,300000000.00,300000000.00
Sep 16 2018,OKB,$1.34,0,300000000.00,300000000.00
Sep 15 2018,OKB,$1.22,0,300000000.00,300000000.00
Sep 15 2018,OKB,$1.22,0,300000000.00,300000000.00
Sep 14 2018,OKB,$1.24,0,300000000.00,300000000.00
Sep 14 2018,OKB,$1.24,0,300000000.00,300000000.00
Sep 14 2018,OKB,$1.24,0,300000000.00,300000000.00
Sep 13 2018,OKB,$1.21,0,300000000.00,300000000.00
Sep 13 2018,OKB,$1.21,0,300000000.00,300000000.00
Sep 12 2018,OKB,$1.23,0,300000000.00,300000000.00
Sep 12 2018,OKB,$1.23,0,300000000.00,300000000.00
Sep 12 2018,OKB,$1.23,0,300000000.00,300000000.00
Sep 11 2018,OKB,$1.33,0,300000000.00,300000000.00
Sep 11 2018,OKB,$1.33,0,300000000.00,300000000.00
Sep 10 2018,OKB,$1.33,0,300000000.00,300000000.00
Sep 10 2018,OKB,$1.33,0,300000000.00,300000000.00
Sep 09 2018,OKB,$1.35,0,300000000.00,300000000.00
Sep 09 2018,OKB,$1.35,0,300000000.00,300000000.00
Sep 09 2018,OKB,$1.35,0,300000000.00,300000000.00
Sep 08 2018,OKB,$1.44,0,300000000.00,300000000.00
Sep 08 2018,OKB,$1.44,0,300000000.00,300000000.00
Sep 07 2018,OKB,$1.50,0,300000000.00,300000000.00
Sep 07 2018,OKB,$1.50,0,300000000.00,300000000.00
Sep 07 2018,OKB,$1.50,0,300000000.00,300000000.00
Sep 06 2018,OKB,$1.55,0,300000000.00,300000000.00
Sep 06 2018,OKB,$1.55,0,300000000.00,300000000.00
Sep 05 2018,OKB,$1.83,0,300000000.00,300000000.00
Sep 05 2018,OKB,$1.83,0,300000000.00,300000000.00
Sep 04 2018,OKB,$1.84,0,300000000.00,300000000.00
Sep 04 2018,OKB,$1.84,0,300000000.00,300000000.00
Sep 04 2018,OKB,$1.84,0,300000000.00,300000000.00
Sep 03 2018,OKB,$1.87,0,300000000.00,300000000.00
Sep 03 2018,OKB,$1.87,0,300000000.00,300000000.00
Sep 02 2018,OKB,$1.88,0,300000000.00,300000000.00
Sep 02 2018,OKB,$1.88,0,300000000.00,300000000.00
Sep 02 2018,OKB,$1.88,0,300000000.00,300000000.00
Sep 01 2018,OKB,$1.84,0,300000000.00,300000000.00
Sep 01 2018,OKB,$1.84,0,300000000.00,300000000.00
Aug 31 2018,OKB,$1.84,0,300000000.00,300000000.00
Aug 31 2018,OKB,$1.84,0,300000000.00,300000000.00
Aug 31 2018,OKB,$1.84,0,300000000.00,300000000.00
Aug 30 2018,OKB,$1.89,0,300000000.00,300000000.00
Aug 30 2018,OKB,$1.89,0,300000000.00,300000000.00
Aug 29 2018,OKB,$1.92,0,300000000.00,300000000.00
Aug 29 2018,OKB,$1.92,0,300000000.00,300000000.00
Aug 28 2018,OKB,$1.88,0,300000000.00,300000000.00
Aug 28 2018,OKB,$1.88,0,300000000.00,300000000.00
Aug 28 2018,OKB,$1.88,0,300000000.00,300000000.00
Aug 27 2018,OKB,$1.80,0,300000000.00,300000000.00
Aug 27 2018,OKB,$1.80,0,300000000.00,300000000.00
Aug 26 2018,OKB,$1.82,0,300000000.00,300000000.00
Aug 26 2018,OKB,$1.82,0,300000000.00,300000000.00
Aug 26 2018,OKB,$1.82,0,300000000.00,300000000.00
Nov 22 2020,OKB,$5.96,0,300000000.00,300000000.00
Nov 19 2020,OKB,$5.39,0,300000000.00,300000000.00
Nov 16 2020,OKB,$4.66,0,300000000.00,300000000.00
Nov 14 2020,OKB,$4.84,0,300000000.00,300000000.00
Nov 11 2020,OKB,$4.63,0,300000000.00,300000000.00
Nov 08 2020,OKB,$4.67,0,300000000.00,300000000.00
Nov 05 2020,OKB,$4.28,0,300000000.00,300000000.00
Nov 03 2020,OKB,$4.38,0,300000000.00,300000000.00
Oct 31 2020,OKB,$4.45,0,300000000.00,300000000.00
Oct 28 2020,OKB,$4.67,0,300000000.00,300000000.00
Oct 25 2020,OKB,$4.58,0,300000000.00,300000000.00
Oct 23 2020,OKB,$4.82,0,300000000.00,300000000.00
Oct 20 2020,OKB,$4.54,0,300000000.00,300000000.00
Oct 17 2020,OKB,$5.18,0,300000000.00,300000000.00
Oct 15 2020,OKB,$6.04,0,300000000.00,300000000.00
Oct 12 2020,OKB,$6.10,0,300000000.00,300000000.00
Oct 09 2020,OKB,$6.12,0,300000000.00,300000000.00
Oct 06 2020,OKB,$6.22,0,300000000.00,300000000.00
Oct 04 2020,OKB,$6.11,0,300000000.00,300000000.00
Oct 01 2020,OKB,$6.14,0,300000000.00,300000000.00
Sep 28 2020,OKB,$6.19,0,300000000.00,300000000.00
Sep 26 2020,OKB,$6.27,0,300000000.00,300000000.00
Sep 23 2020,OKB,$6.01,0,300000000.00,300000000.00
Sep 20 2020,OKB,$6.14,0,300000000.00,300000000.00
Sep 17 2020,OKB,$6.38,0,300000000.00,300000000.00
Sep 15 2020,OKB,$6.51,0,300000000.00,300000000.00
Sep 12 2020,OKB,$5.44,0,300000000.00,300000000.00
Sep 09 2020,OKB,$5.26,0,300000000.00,300000000.00
Sep 07 2020,OKB,$5.32,0,300000000.00,300000000.00
Sep 04 2020,OKB,$5.15,0,300000000.00,300000000.00
Sep 01 2020,OKB,$5.64,0,300000000.00,300000000.00
Aug 29 2020,OKB,$5.52,0,300000000.00,300000000.00
Aug 27 2020,OKB,$5.62,0,300000000.00,300000000.00
Aug 24 2020,OKB,$5.24,0,300000000.00,300000000.00
Aug 21 2020,OKB,$5.54,0,300000000.00,300000000.00
Aug 19 2020,OKB,$5.63,0,300000000.00,300000000.00
Aug 16 2020,OKB,$6.00,0,300000000.00,300000000.00
Aug 13 2020,OKB,$5.52,0,300000000.00,300000000.00
Aug 10 2020,OKB,$5.82,0,300000000.00,300000000.00
Aug 08 2020,OKB,$5.87,0,300000000.00,300000000.00
Aug 05 2020,OKB,$5.98,0,300000000.00,300000000.00
Aug 02 2020,OKB,$6.24,0,300000000.00,300000000.00
Jul 31 2020,OKB,$5.83,0,300000000.00,300000000.00
Jul 28 2020,OKB,$5.82,0,300000000.00,300000000.00
Jul 25 2020,OKB,$5.36,0,300000000.00,300000000.00
Jul 22 2020,OKB,$5.20,0,300000000.00,300000000.00
Jul 20 2020,OKB,$5.15,0,300000000.00,300000000.00
Jul 17 2020,OKB,$5.12,0,300000000.00,300000000.00
Jul 14 2020,OKB,$4.97,0,300000000.00,300000000.00
Jul 12 2020,OKB,$4.98,0,300000000.00,300000000.00
Jul 09 2020,OKB,$5.10,0,300000000.00,300000000.00
Jul 06 2020,OKB,$4.84,0,300000000.00,300000000.00
Jul 03 2020,OKB,$4.94,0,300000000.00,300000000.00
Jul 01 2020,OKB,$5.05,0,300000000.00,300000000.00
Jun 28 2020,OKB,$4.95,0,300000000.00,300000000.00
Jun 25 2020,OKB,$5.10,0,300000000.00,300000000.00
Jun 23 2020,OKB,$5.20,0,300000000.00,300000000.00
Jun 20 2020,OKB,$4.95,0,300000000.00,300000000.00
Jun 17 2020,OKB,$5.11,0,300000000.00,300000000.00
Jun 14 2020,OKB,$5.21,0,300000000.00,300000000.00
Jun 12 2020,OKB,$5.11,0,300000000.00,300000000.00
Jun 09 2020,OKB,$5.43,0,300000000.00,300000000.00
Jun 06 2020,OKB,$5.34,0,300000000.00,300000000.00
Jun 04 2020,OKB,$5.23,0,300000000.00,300000000.00
Jun 01 2020,OKB,$5.19,0,300000000.00,300000000.00
May 29 2020,OKB,$5.22,0,300000000.00,300000000.00
May 26 2020,OKB,$5.01,0,300000000.00,300000000.00
May 24 2020,OKB,$5.04,0,300000000.00,300000000.00
May 21 2020,OKB,$5.25,0,300000000.00,300000000.00
May 18 2020,OKB,$5.30,0,300000000.00,300000000.00
May 16 2020,OKB,$5.13,0,300000000.00,300000000.00
May 13 2020,OKB,$4.96,0,300000000.00,300000000.00
May 10 2020,OKB,$5.31,0,300000000.00,300000000.00
May 07 2020,OKB,$5.13,0,300000000.00,300000000.00
May 05 2020,OKB,$5.25,0,300000000.00,300000000.00
May 02 2020,OKB,$5.41,0,300000000.00,300000000.00
Apr 29 2020,OKB,$4.89,0,300000000.00,300000000.00
Apr 27 2020,OKB,$4.91,0,300000000.00,300000000.00
Apr 24 2020,OKB,$4.85,0,300000000.00,300000000.00
Apr 21 2020,OKB,$4.49,0,300000000.00,300000000.00
Apr 18 2020,OKB,$4.66,0,300000000.00,300000000.00
Apr 16 2020,OKB,$4.46,0,300000000.00,300000000.00
Apr 13 2020,OKB,$4.56,0,300000000.00,300000000.00
Apr 10 2020,OKB,$4.88,0,300000000.00,300000000.00
Apr 08 2020,OKB,$4.89,0,300000000.00,300000000.00
Apr 05 2020,OKB,$4.70,0,300000000.00,300000000.00
Apr 02 2020,OKB,$4.39,0,300000000.00,300000000.00
Mar 30 2020,OKB,$3.91,0,300000000.00,300000000.00
Mar 28 2020,OKB,$4.16,0,300000000.00,300000000.00
Mar 25 2020,OKB,$4.37,0,300000000.00,300000000.00
Mar 22 2020,OKB,$4.36,0,300000000.00,300000000.00
Mar 20 2020,OKB,$4.16,0,300000000.00,300000000.00
Mar 17 2020,OKB,$3.42,0,300000000.00,300000000.00
Mar 14 2020,OKB,$3.20,0,300000000.00,300000000.00
Mar 11 2020,OKB,$4.54,0,300000000.00,300000000.00
Mar 09 2020,OKB,$4.68,0,300000000.00,300000000.00
Mar 06 2020,OKB,$5.46,0,300000000.00,300000000.00
Mar 03 2020,OKB,$5.77,0,300000000.00,300000000.00
Mar 01 2020,OKB,$5.82,0,300000000.00,300000000.00
Feb 27 2020,OKB,$5.42,0,300000000.00,300000000.00
Feb 24 2020,OKB,$6.56,0,300000000.00,300000000.00
Feb 21 2020,OKB,$6.60,0,300000000.00,300000000.00
Feb 19 2020,OKB,$6.75,0,300000000.00,300000000.00
Feb 16 2020,OKB,$6.57,0,300000000.00,300000000.00
Feb 13 2020,OKB,$5.91,0,300000000.00,300000000.00
Feb 11 2020,OKB,$5.53,0,300000000.00,300000000.00
Feb 08 2020,OKB,$3.84,0,300000000.00,300000000.00
Feb 05 2020,OKB,$3.28,0,300000000.00,300000000.00
Feb 02 2020,OKB,$3.25,0,300000000.00,300000000.00
Jan 31 2020,OKB,$3.21,0,300000000.00,300000000.00
Jan 28 2020,OKB,$2.94,0,300000000.00,300000000.00
Jan 25 2020,OKB,$2.87,0,300000000.00,300000000.00
Jan 23 2020,OKB,$2.92,0,300000000.00,300000000.00
Jan 20 2020,OKB,$2.95,0,300000000.00,300000000.00
Jan 17 2020,OKB,$3.08,0,300000000.00,300000000.00
Jan 14 2020,OKB,$2.88,0,300000000.00,300000000.00
Jan 12 2020,OKB,$2.89,0,300000000.00,300000000.00
Jan 09 2020,OKB,$2.79,0,300000000.00,300000000.00
Jan 06 2020,OKB,$2.66,0,300000000.00,300000000.00
Jan 04 2020,OKB,$2.64,0,300000000.00,300000000.00
Jan 01 2020,OKB,$2.62,0,300000000.00,300000000.00
Dec 29 2019,OKB,$2.61,0,300000000.00,300000000.00
Dec 26 2019,OKB,$2.59,0,300000000.00,300000000.00
Dec 24 2019,OKB,$2.56,0,300000000.00,300000000.00
Dec 21 2019,OKB,$2.53,0,300000000.00,300000000.00
Dec 18 2019,OKB,$2.30,0,300000000.00,300000000.00
Dec 16 2019,OKB,$2.57,0,300000000.00,300000000.00
Dec 13 2019,OKB,$2.63,0,300000000.00,300000000.00
Dec 10 2019,OKB,$2.67,0,300000000.00,300000000.00
Dec 07 2019,OKB,$2.59,0,300000000.00,300000000.00
Dec 05 2019,OKB,$2.57,0,300000000.00,300000000.00
Dec 02 2019,OKB,$2.49,0,300000000.00,300000000.00
Nov 29 2019,OKB,$2.31,0,300000000.00,300000000.00
Nov 27 2019,OKB,$2.15,0,300000000.00,300000000.00
Nov 24 2019,OKB,$2.21,0,300000000.00,300000000.00
Nov 21 2019,OKB,$2.53,0,300000000.00,300000000.00
Nov 18 2019,OKB,$2.88,0,300000000.00,300000000.00
Nov 16 2019,OKB,$2.99,0,300000000.00,300000000.00
Nov 13 2019,OKB,$3.18,0,300000000.00,300000000.00
Nov 10 2019,OKB,$3.10,0,300000000.00,300000000.00
Nov 08 2019,OKB,$3.33,0,300000000.00,300000000.00
Nov 05 2019,OKB,$3.23,0,300000000.00,300000000.00
Nov 02 2019,OKB,$3.14,0,300000000.00,300000000.00
Oct 30 2019,OKB,$2.99,0,300000000.00,300000000.00
Oct 28 2019,OKB,$2.98,0,300000000.00,300000000.00
Oct 25 2019,OKB,$2.34,0,300000000.00,300000000.00
Oct 22 2019,OKB,$2.54,0,300000000.00,300000000.00
Oct 19 2019,OKB,$2.31,0,300000000.00,300000000.00
Oct 17 2019,OKB,$2.39,0,300000000.00,300000000.00
Oct 14 2019,OKB,$2.28,0,300000000.00,300000000.00
Oct 11 2019,OKB,$2.30,0,300000000.00,300000000.00
Oct 09 2019,OKB,$2.08,0,300000000.00,300000000.00
Oct 06 2019,OKB,$2.12,0,300000000.00,300000000.00
Oct 03 2019,OKB,$2.12,0,300000000.00,300000000.00
Sep 30 2019,OKB,$2.09,0,300000000.00,300000000.00
Sep 28 2019,OKB,$2.16,0,300000000.00,300000000.00
Sep 25 2019,OKB,$2.18,0,300000000.00,300000000.00
Sep 22 2019,OKB,$2.79,0,300000000.00,300000000.00
Sep 20 2019,OKB,$2.79,0,300000000.00,300000000.00
Sep 17 2019,OKB,$2.71,0,300000000.00,300000000.00
Sep 14 2019,OKB,$2.78,0,300000000.00,300000000.00
Sep 11 2019,OKB,$2.75,0,300000000.00,300000000.00
Sep 09 2019,OKB,$2.68,0,300000000.00,300000000.00
Sep 06 2019,OKB,$2.78,0,300000000.00,300000000.00
Sep 03 2019,OKB,$2.68,0,300000000.00,300000000.00
Sep 01 2019,OKB,$2.46,0,300000000.00,300000000.00
Aug 29 2019,OKB,$2.60,0,300000000.00,300000000.00
Aug 26 2019,OKB,$2.95,0,300000000.00,300000000.00
Aug 23 2019,OKB,$2.92,0,300000000.00,300000000.00
Aug 21 2019,OKB,$3.03,0,300000000.00,300000000.00
Aug 18 2019,OKB,$3.10,0,300000000.00,300000000.00
Aug 15 2019,OKB,$2.85,0,300000000.00,300000000.00
Aug 13 2019,OKB,$3.05,0,300000000.00,300000000.00
Aug 10 2019,OKB,$3.88,0,300000000.00,300000000.00
Aug 07 2019,OKB,$3.43,0,300000000.00,300000000.00
Aug 04 2019,OKB,$3.00,0,300000000.00,300000000.00
Aug 02 2019,OKB,$2.79,0,300000000.00,300000000.00
Jul 30 2019,OKB,$2.69,0,300000000.00,300000000.00
Jul 27 2019,OKB,$2.77,0,300000000.00,300000000.00
Jul 25 2019,OKB,$2.61,0,300000000.00,300000000.00
Jul 22 2019,OKB,$2.20,0,300000000.00,300000000.00
Jul 19 2019,OKB,$1.94,0,300000000.00,300000000.00
Jul 16 2019,OKB,$1.95,0,300000000.00,300000000.00
Jul 14 2019,OKB,$2.00,0,300000000.00,300000000.00
Jul 11 2019,OKB,$1.71,0,300000000.00,300000000.00
Jul 08 2019,OKB,$1.89,0,300000000.00,300000000.00
Jul 06 2019,OKB,$1.88,0,300000000.00,300000000.00
Jul 03 2019,OKB,$1.73,0,300000000.00,300000000.00
Jun 30 2019,OKB,$1.90,0,300000000.00,300000000.00
Jun 27 2019,OKB,$1.84,0,300000000.00,300000000.00
Jun 25 2019,OKB,$1.67,0,300000000.00,300000000.00
Jun 22 2019,OKB,$1.61,0,300000000.00,300000000.00
Jun 19 2019,OKB,$1.65,0,300000000.00,300000000.00
Jun 17 2019,OKB,$1.64,0,300000000.00,300000000.00
Jun 14 2019,OKB,$1.63,0,300000000.00,300000000.00
Jun 11 2019,OKB,$1.58,0,300000000.00,300000000.00
Jun 08 2019,OKB,$1.46,0,300000000.00,300000000.00
Jun 06 2019,OKB,$1.41,0,300000000.00,300000000.00
Jun 03 2019,OKB,$1.52,0,300000000.00,300000000.00
May 31 2019,OKB,$1.52,0,300000000.00,300000000.00
May 29 2019,OKB,$1.65,0,300000000.00,300000000.00
May 26 2019,OKB,$1.64,0,300000000.00,300000000.00
May 23 2019,OKB,$1.47,0,300000000.00,300000000.00
May 20 2019,OKB,$1.40,0,300000000.00,300000000.00
May 18 2019,OKB,$1.36,0,300000000.00,300000000.00
May 15 2019,OKB,$1.42,0,300000000.00,300000000.00
May 12 2019,OKB,$1.44,0,300000000.00,300000000.00
May 10 2019,OKB,$1.62,0,300000000.00,300000000.00
May 07 2019,OKB,$1.60,0,300000000.00,300000000.00
May 04 2019,OKB,$1.62,0,300000000.00,300000000.00
May 01 2019,OKB,$1.58,0,300000000.00,300000000.00
Apr 29 2019,OKB,$1.62,0,300000000.00,300000000.00
Apr 26 2019,OKB,$1.53,0,300000000.00,300000000.00
Apr 23 2019,OKB,$1.70,0,300000000.00,300000000.00
Apr 21 2019,OKB,$1.76,0,300000000.00,300000000.00
Apr 18 2019,OKB,$1.54,0,300000000.00,300000000.00
Apr 15 2019,OKB,$1.58,0,300000000.00,300000000.00
Apr 12 2019,OKB,$1.54,0,300000000.00,300000000.00
Apr 10 2019,OKB,$1.87,0,300000000.00,300000000.00
Apr 07 2019,OKB,$2.20,0,300000000.00,300000000.00
Apr 04 2019,OKB,$2.18,0,300000000.00,300000000.00
Apr 02 2019,OKB,$2.08,0,300000000.00,300000000.00
Mar 30 2019,OKB,$1.69,0,300000000.00,300000000.00
Mar 27 2019,OKB,$1.40,0,300000000.00,300000000.00
Mar 24 2019,OKB,$1.39,0,300000000.00,300000000.00
Mar 22 2019,OKB,$1.39,0,300000000.00,300000000.00
Mar 19 2019,OKB,$1.08,0,300000000.00,300000000.00
Mar 16 2019,OKB,$1.04,0,300000000.00,300000000.00
Mar 14 2019,OKB,$0.97,0,300000000.00,300000000.00
Mar 11 2019,OKB,$0.99,0,300000000.00,300000000.00
Mar 08 2019,OKB,$1.04,0,300000000.00,300000000.00
Mar 05 2019,OKB,$0.75,0,300000000.00,300000000.00
Mar 03 2019,OKB,$0.81,0,300000000.00,300000000.00
Feb 28 2019,OKB,$0.70,0,300000000.00,300000000.00
Feb 25 2019,OKB,$0.69,0,300000000.00,300000000.00
Feb 23 2019,OKB,$0.77,0,300000000.00,300000000.00
Feb 20 2019,OKB,$0.77,0,300000000.00,300000000.00
Feb 17 2019,OKB,$0.65,0,300000000.00,300000000.00
Feb 14 2019,OKB,$0.65,0,300000000.00,300000000.00
Feb 12 2019,OKB,$0.68,0,300000000.00,300000000.00
Feb 09 2019,OKB,$0.64,0,300000000.00,300000000.00
Feb 06 2019,OKB,$0.60,0,300000000.00,300000000.00
Feb 04 2019,OKB,$0.59,0,300000000.00,300000000.00
Feb 01 2019,OKB,$0.58,0,300000000.00,300000000.00
Jan 29 2019,OKB,$0.58,0,300000000.00,300000000.00
Jan 26 2019,OKB,$0.62,0,300000000.00,300000000.00
Jan 24 2019,OKB,$0.60,0,300000000.00,300000000.00
Jan 21 2019,OKB,$0.59,0,300000000.00,300000000.00
Jan 18 2019,OKB,$0.62,0,300000000.00,300000000.00
Jan 16 2019,OKB,$0.58,0,300000000.00,300000000.00
Jan 13 2019,OKB,$0.61,0,300000000.00,300000000.00
Jan 10 2019,OKB,$0.68,0,300000000.00,300000000.00
Jan 07 2019,OKB,$0.67,0,300000000.00,300000000.00
Jan 05 2019,OKB,$0.66,0,300000000.00,300000000.00
Jan 02 2019,OKB,$0.67,0,300000000.00,300000000.00
Dec 30 2018,OKB,$0.67,0,300000000.00,300000000.00
Dec 28 2018,OKB,$0.63,0,300000000.00,300000000.00
Dec 25 2018,OKB,$0.76,0,300000000.00,300000000.00
Dec 22 2018,OKB,$0.73,0,300000000.00,300000000.00
Dec 19 2018,OKB,$0.75,0,300000000.00,300000000.00
Dec 17 2018,OKB,$0.66,0,300000000.00,300000000.00
Dec 14 2018,OKB,$0.65,0,300000000.00,300000000.00
Dec 11 2018,OKB,$0.67,0,300000000.00,300000000.00
Dec 09 2018,OKB,$0.66,0,300000000.00,300000000.00
Dec 06 2018,OKB,$0.75,0,300000000.00,300000000.00
Dec 03 2018,OKB,$0.84,0,300000000.00,300000000.00
Nov 30 2018,OKB,$0.76,0,300000000.00,300000000.00
Nov 28 2018,OKB,$0.73,0,300000000.00,300000000.00
Nov 25 2018,OKB,$0.71,0,300000000.00,300000000.00
Nov 22 2018,OKB,$0.84,0,300000000.00,300000000.00
Nov 20 2018,OKB,$0.91,0,300000000.00,300000000.00
Nov 17 2018,OKB,$0.98,0,300000000.00,300000000.00
Nov 14 2018,OKB,$1.14,0,300000000.00,300000000.00
Nov 11 2018,OKB,$1.22,0,300000000.00,300000000.00
Nov 09 2018,OKB,$1.22,0,300000000.00,300000000.00
Nov 06 2018,OKB,$1.27,0,300000000.00,300000000.00
Nov 03 2018,OKB,$1.25,0,300000000.00,300000000.00
Nov 01 2018,OKB,$1.22,0,300000000.00,300000000.00
Oct 29 2018,OKB,$1.28,0,300000000.00,300000000.00
Oct 26 2018,OKB,$1.30,0,300000000.00,300000000.00
Oct 23 2018,OKB,$1.33,0,300000000.00,300000000.00
Oct 21 2018,OKB,$1.33,0,300000000.00,300000000.00
Oct 18 2018,OKB,$1.35,0,300000000.00,300000000.00
Oct 15 2018,OKB,$1.27,0,300000000.00,300000000.00
Oct 13 2018,OKB,$1.28,0,300000000.00,300000000.00
Oct 10 2018,OKB,$1.49,0,300000000.00,300000000.00
Oct 07 2018,OKB,$1.47,0,300000000.00,300000000.00
Oct 04 2018,OKB,$1.47,0,300000000.00,300000000.00
Oct 02 2018,OKB,$1.50,0,300000000.00,300000000.00
Sep 29 2018,OKB,$1.50,0,300000000.00,300000000.00
Sep 26 2018,OKB,$1.44,0,300000000.00,300000000.00
Sep 23 2018,OKB,$1.64,0,300000000.00,300000000.00
Sep 21 2018,OKB,$1.44,0,300000000.00,300000000.00
Sep 18 2018,OKB,$1.23,0,300000000.00,300000000.00
Sep 15 2018,OKB,$1.22,0,300000000.00,300000000.00
Sep 13 2018,OKB,$1.21,0,300000000.00,300000000.00
Sep 10 2018,OKB,$1.33,0,300000000.00,300000000.00
Sep 07 2018,OKB,$1.50,0,300000000.00,300000000.00
Sep 04 2018,OKB,$1.84,0,300000000.00,300000000.00
Sep 02 2018,OKB,$1.88,0,300000000.00,300000000.00
Aug 30 2018,OKB,$1.89,0,300000000.00,300000000.00
Aug 27 2018,OKB,$1.80,0,300000000.00,300000000.00
Aug 25 2018,OKB,$1.87,0,300000000.00,300000000.00
Aug 22 2018,OKB,$1.86,0,300000000.00,300000000.00
Aug 19 2018,OKB,$1.97,0,300000000.00,300000000.00
Aug 16 2018,OKB,$1.96,0,300000000.00,300000000.00
Aug 14 2018,OKB,$1.99,0,300000000.00,300000000.00
Aug 11 2018,OKB,$2.33,0,300000000.00,300000000.00
Aug 08 2018,OKB,$3.04,0,300000000.00,300000000.00
Aug 06 2018,OKB,$3.23,0,300000000.00,300000000.00
Aug 03 2018,OKB,$3.09,0,300000000.00,300000000.00
Jul 31 2018,OKB,$3.79,0,300000000.00,300000000.00
Jul 28 2018,OKB,$3.72,0,300000000.00,300000000.00
Jul 26 2018,OKB,$3.62,0,300000000.00,300000000.00
Jul 23 2018,OKB,$3.60,0,300000000.00,300000000.00
Jul 20 2018,OKB,$3.73,0,300000000.00,300000000.00
Jul 18 2018,OKB,$3.81,0,300000000.00,300000000.00
Jul 15 2018,OKB,$3.43,0,300000000.00,300000000.00
Jul 12 2018,OKB,$3.60,0,300000000.00,300000000.00
Jul 09 2018,OKB,$3.88,0,300000000.00,300000000.00
Jul 07 2018,OKB,$3.83,0,300000000.00,300000000.00
Jul 04 2018,OKB,$3.90,0,300000000.00,300000000.00
Jul 01 2018,OKB,$3.80,0,300000000.00,300000000.00
Jun 29 2018,OKB,$3.65,0,300000000.00,300000000.00
Jun 26 2018,OKB,$3.87,0,300000000.00,300000000.00
Jun 23 2018,OKB,$4.22,0,300000000.00,300000000.00
Jun 20 2018,OKB,$5.28,0,300000000.00,300000000.00
Jun 18 2018,OKB,$3.94,0,300000000.00,300000000.00
Jun 15 2018,OKB,$4.22,0,300000000.00,300000000.00
Jun 12 2018,OKB,$4.36,0,300000000.00,300000000.00
Jun 10 2018,OKB,$5.11,0,300000000.00,300000000.00
Jun 07 2018,OKB,$4.76,0,300000000.00,300000000.00
Jun 04 2018,OKB,0,0,300000000.00,300000000.00
Jun 01 2018,OKB,0,0,300000000.00,300000000.00
May 30 2018,OKB,0,0,300000000.00,300000000.00
May 27 2018,OKB,0,0,300000000.00,300000000.00
May 24 2018,OKB,0,0,300000000.00,300000000.00
May 22 2018,OKB,0,0,300000000.00,300000000.00
May 19 2018,OKB,0,0,300000000.00,300000000.00
May 16 2018,OKB,0,0,300000000.00,300000000.00
May 13 2018,OKB,0,0,300000000.00,300000000.00
May 11 2018,OKB,0,0,300000000.00,300000000.00
May 08 2018,OKB,0,0,300000000.00,300000000.00
May 05 2018,OKB,0,0,300000000.00,300000000.00
May 03 2018,OKB,0,0,300000000.00,300000000.00
Apr 30 2018,OKB,0,0,300000000.00,300000000.00
Apr 27 2018,OKB,0,0,300000000.00,300000000.00
Apr 24 2018,OKB,0,0,300000000.00,300000000.00
Apr 22 2018,OKB,0,0,300000000.00,300000000.00
Apr 19 2018,OKB,0,0,300000000.00,300000000.00
Apr 16 2018,OKB,0,0,300000000.00,300000000.00
Apr 14 2018,OKB,0,0,300000000.00,300000000.00
Apr 11 2018,OKB,0,0,300000000.00,300000000.00
Apr 08 2018,OKB,0,0,300000000.00,300000000.00
Apr 05 2018,OKB,0,0,300000000.00,300000000.00
Apr 03 2018,OKB,0,0,300000000.00,300000000.00
Mar 31 2018,OKB,0,0,300000000.00,300000000.00
